"V1" "V2" "V3" "V4" "V5" "V6" "V7" "V8" "V9" "V10" "V11" "V12" "V13" "V14" "V15" "V16" "V17" "V18" "V19" "V20" "V21" "V22" "V23" "V24" "V25" "V26" "V27" "V28" "V29" "V30" "V31" "V32" "V33" "V34" "V35" "V36" "V37" "V38" "V39" "V40" "V41" "V42" "V43" "V44" "V45" "V46" "V47" "V48" "V49" "V50" "V51" "V52" "V53" "V54" "V55" "V56" "V57" "V58" "V59" "V60" "V61" "V62" "V63" "V64" "V65" "V66" "V67" "V68" "V69" "V70" "V71" "V72" "V73" "V74" "V75"
"1" 2.8 8.7 6.71 2.97 5.37 6.53 7.7 5.52 3.84 2.28 4.14 8.43 4.25 2.17 7.32 2.98 5.82 5.92 4.59 5.7 1.94 3.14 7.67 3.73 2.34 5.24 4.86 8.41 4.12 9.03 3.75 4.01 3.13 7.44 3.37 4.12 5.53 5.26 9.34 3.95 5.18 2.89 9.25 1.44 6.67 6.62 4.82 8.48 4.78 2.98 5.02 4.24 5.01 4.57 2.02 5.82 3.39 4.58 0.62 5.09 6.19 3.43 1.83 4.57 5.26 3.71 4.9 4.53 6.02 9.02 6.52 6.2 5.06 5.83 2.93
"2" 3.91 6.58 5.83 5.55 6.5 3.19 3.14 1.28 5.22 3.25 2.69 6.01 4.13 3.85 4.38 7.99 2.96 2.55 3.9 4.24 4.74 3.51 5.63 4.31 3.63 7.04 5.03 4.91 5.06 4.52 7.42 4.98 8.95 5.38 7.85 7.18 6.04 4.2 3.13 7.44 3.78 2.4 6.35 4.11 5.14 5.26 1.79 1.17 2.94 7.13 3.09 3.15 2.45 5.11 6.39 4.91 0.27 3.6 5.59 7.88 3.42 4.14 4.01 7.65 6.4 4.46 6.62 4.41 6.16 4.62 3.01 6.64 5.95 4.04 1.44
"3" 4.49 7.04 5.41 6.81 4 6.22 2.39 10.76 3.33 6.13 4.69 3.36 1.38 8.64 2.59 3.69 4.35 9.05 5.73 4 3.91 6.93 6.07 5.9 3.06 3.13 7.16 5.59 1.57 4.35 8.7 3.01 2.47 -0.84 4.74 1.64 4.96 7.66 4.23 3.18 7.08 0.09 3.8 4.74 5.16 3.68 2.27 2.86 6.92 8.35 3.75 6.1 4.03 7.78 3.78 3.9 5.75 4.92 4.85 3.58 5.53 3.75 2.09 6.76 4.91 5.74 4.94 4.4 4.92 6.06 5.22 5.88 4.88 3.63 8.89
"4" 3.85 4.86 4.12 6.35 4.89 0.91 5.42 2.44 2.3 7.16 8.48 5.36 2.77 5.26 6.64 7.06 3.4 5.64 6.32 1.49 5.1 2.51 4.07 7.5 6.83 5.44 3.98 6.57 3.55 5.73 4.92 1.75 1.35 6.17 6.81 5.83 6.77 9.1 2.78 5.85 7.81 9.16 5.36 6.65 7.35 4.24 5.16 2.66 2.43 3.77 7.02 7.33 4.94 7.48 5.36 6.18 4.31 3.72 4.83 2.96 8.05 4.09 5.23 4.95 4.26 6.74 5.66 5.29 4.21 5.53 3.05 6.67 4.4 6.04 1.86
"5" 5.15 4.4 5.91 8.81 6.48 8.94 2.95 7.34 5.01 7.5 3.54 9.31 5.76 1.69 6.49 8.66 5.58 5.11 6.61 6.07 6.7 3.85 4.86 4.91 2.94 7.36 5.47 4.59 0.09 5.05 5.98 7.56 2.66 4.38 3.84 6.38 7.98 4.93 5.87 4.27 5.46 4.65 6.13 0.06 3.23 2.54 1.76 7.49 4.59 7.26 5.96 5.87 1.59 4.9 5.46 5.77 5.43 8.12 5.36 6.25 8.21 5.15 5.27 3.43 3.12 4.69 7.39 8.02 4.62 3.06 5.44 1.25 4.9 3.41 3.67
"6" 3.3 2.98 2.95 6.06 2.2 4.24 6.7 5.41 3.13 2.24 4.09 3.7 8.06 4.16 2.31 2.7 7.39 4.01 0.97 3.26 4.84 4.86 6 7.73 -2.12 3.5 6.2 3.42 7.56 7.88 4.64 4.43 5.75 1.25 5.26 3.72 4.77 3.32 2.98 9.96 4.66 4.18 5.56 6.8 6.4 2.69 4.32 4.94 5.98 3.49 5.52 4.33 2.31 6.44 9.24 2.31 4.68 3.07 3.81 5.66 2.2 5.89 2.37 5.26 0.83 2.69 3.41 5.11 9.34 7.32 5.61 6.08 7.75 6.09 5.59
"7" 8.42 3.82 6.32 4.29 7.17 6.15 4.13 5.97 3.72 3.94 6.39 0.96 6.8 5.88 7.26 3.18 4.49 9.29 4.72 1.41 4.29 1.92 3.83 6.89 7.78 4.57 4.63 3.91 5.12 3.52 5.62 3.2 6.36 7.32 3.59 4.6 5.34 -0.63 9.98 4.65 5.68 5.39 4.62 3.8 6.44 5.16 3.35 9.47 6.08 6.25 2.78 3.88 3.23 5.14 3.09 2.24 2.64 5.43 4.2 6.63 7.5 7.74 4.3 3.53 5.07 6.44 4.83 3.29 5.98 5.19 1.09 7.15 4.11 3.88 4.01
"8" 5.92 5.02 2.4 7.62 5.77 4.49 1.89 1.39 7.92 11.45 5.39 4.78 3.47 8.64 5.62 2.55 6.6 5.49 3.99 6.95 4.55 5.91 1.16 5.78 8.77 0.83 2.84 3.26 6.17 4.97 3.51 7.85 7.96 1.91 8.64 4.14 1.86 3.95 5.22 3.47 7.28 6.38 5.25 6.32 6.2 5.16 4.23 6.49 4.76 5.53 3.33 5.65 8.89 4.04 2.02 2.25 5.76 5.31 3.07 1.2 3.07 3.38 7.2 0.27 6.62 4.91 7.36 3.72 8.25 5.01 5.69 3.76 4.82 2.97 6.83
"9" 6.71 7.78 3.73 3.35 2.22 2.91 5.66 2.73 6.42 8.71 1.46 5.83 8.54 7.74 3.56 3.41 5.88 2.99 4.36 5.82 7.89 6.68 7.42 6.09 5.71 7.53 5.79 6.16 8.47 9.79 6.38 6.94 7.55 7.33 4.07 5.29 6.49 4.49 4.33 5.48 4.48 7.99 7.62 5.55 2.49 5.6 5.57 1.66 4.1 2.46 2.87 7.16 2.86 3.54 2.31 5.58 5.64 8.23 2.9 5.85 5.3 3.38 8.04 6.86 3.45 6.46 1.54 3.44 3.31 2.61 3.54 4.84 1.38 4.9 5.93
"10" 3.29 2.86 3.51 6.12 5.2 6.35 7.18 6.58 3.87 4.4 5.09 3.49 7.55 1.91 5.48 6.06 9.36 8.39 8.37 6.78 3.82 7.05 7.29 5.66 5.73 -1.46 5.49 8.15 6.98 4.18 4.41 5.91 5.9 4.53 5.59 5.6 7.05 7.45 7.02 4.57 4.88 6.38 6.13 4.99 6.58 5.05 5.41 2.42 7.17 4.11 8.65 4.27 1.47 2.85 4.69 3.17 5.42 3.57 5.43 3.68 3.82 8.09 6.64 5.95 7.91 2.92 5.42 4.66 6.01 0.58 3.22 5.88 4.12 3.72 5.18
"11" 0.6 2.84 6.26 3.96 2.34 3.81 1.49 5.43 4.19 5.99 4.77 5.1 1.92 2.3 5.09 8.24 1.71 5.26 5.34 2.51 6.73 5.12 4.11 6.04 5.23 4.77 4.85 6.23 5.17 1.07 1.28 4.36 6.25 6.62 0.92 7.95 6.25 5.38 4.68 2.92 6.25 4.75 4.24 9.05 8.12 4.7 8.17 9.2 6.44 6.18 5.17 2.86 5.97 7.92 4.26 1.72 4.21 4.04 5.84 4.68 5.62 7.22 3.72 5.34 2.81 3.24 3.48 6.63 7.39 3.05 6.89 8.15 2.19 3.38 5.11
"12" 4.9 2.79 5.11 7.37 6.63 5.2 4.44 4.63 7.36 5.29 4.61 5.34 3.28 4.61 6.76 6.92 2.61 6.96 5.46 4.49 3.91 3.78 8.08 5.54 6.73 7.42 4.17 5.69 6.61 6.52 5.22 7.07 3.63 4.96 1.43 6.24 8.92 5.34 2.65 2.18 6.2 5.69 7.01 7.26 -2.79 6.1 6.14 8.14 4.76 3.62 2.34 2.49 8.82 3.32 6.56 6.81 7.93 4.58 4.75 4.47 5.9 5.82 3.12 6.33 1.66 6.37 5.21 5.23 6.93 4.58 2.95 5.2 7.42 6.63 2.22
"13" 2.28 1.93 3.7 10.54 6.25 1.03 6.1 6.81 0.9 9.45 3.12 6.07 5.46 7.45 0.97 8.44 5.47 3.82 3.65 6.92 4.45 4.54 4.67 4.84 4.25 2.66 9.66 1.38 7.43 8.85 7.72 6.29 8.69 4.21 4.53 5.09 4.95 5.88 6.7 3.86 6.47 5.13 5.04 0.41 1.37 3.65 4.5 6.59 1.97 5.39 3.65 3.96 6.28 5.74 3.16 3.43 6.07 1.34 5.9 6.59 3.87 6.49 5.27 2.17 5.36 3.92 4.97 5.19 7.2 6.26 5.73 6.33 5.78 3.83 8.12
"14" 5.46 7.38 4.9 4.4 2.61 4.67 4.97 4.97 3.77 5.29 6.45 7.9 5 10.06 2.3 5.07 9.02 6.1 4.69 5.66 3.35 2.71 4.5 7.29 4.64 4.01 4.24 4.56 4.02 7.05 7.03 7.41 4 5.2 3.85 4.71 5.35 5.05 9.28 8.67 7.14 3.74 6.37 8.12 6.17 8.25 7.45 3.06 7.74 4.91 2.69 4.65 5.64 5.1 3.95 5.42 6.73 4.36 1.21 3.2 3.93 1.21 3.81 4.7 9.07 3.94 6.26 6.65 1.59 8.94 5 5.79 6.33 5.63 5.98
"15" 3.22 2.94 3.85 6.12 3.24 5.78 4.96 2.41 7.4 6.06 4.29 3.21 6.06 5.95 2.52 6.59 5.65 1.49 3.5 6.28 -0.23 2.23 4.92 7.06 6.29 5.05 5.75 1.68 5.3 3.42 5.27 3.78 4.25 3.19 7.39 2.55 7.08 2.08 5.33 9.17 6.33 6.06 6.72 6.94 8.63 3.47 5.55 8.25 4.87 5.27 2.75 5.79 1.95 3.89 1.81 4.05 5.51 1.42 8.56 6.85 0.49 5.91 6.09 5.46 5.13 5.11 3.79 6.11 5.91 0.88 8.76 7.39 3.31 5.12 4.76
"16" 4.36 3.05 6.5 6.42 5.19 7.14 8.25 4.93 7.16 4.68 8.38 7.15 1.67 10.88 1.85 5.13 6.36 3.55 4.71 2.62 7.93 4.99 5.01 5.27 5.11 3.23 4.5 3.69 7.91 6.06 5.58 5.17 3.08 3.33 4.06 6.76 2.67 7.05 7.04 8.8 5.81 4.11 6.34 -1.05 3.93 7.33 4.67 7.11 3.48 3.1 6.67 4.37 2.89 3.27 7.38 6.85 5.44 5.17 5.44 3.16 7 4.31 2.07 6.85 6.42 5.9 6.65 4.09 2.04 4.28 1.87 4.73 2.89 3.7 6.92
"17" 2.94 2.04 5.4 4.22 9.98 4.34 2.52 1.28 5.34 8.59 6.85 5.47 8.31 6.4 3.78 7.56 3.93 3.7 0.51 6.27 1.39 6.13 5.71 5.18 2.77 7.14 2.66 3.67 1.57 4.48 5.24 5.48 8.35 2.76 6.67 5.07 5.99 4.74 4.5 5.75 7.03 5.13 3.08 2.33 5.26 7.52 2.71 2.23 4.45 5.96 7.03 5.48 5.35 0.34 3.47 5.95 6.12 2.39 3.59 3.37 5.9 6.87 4.22 3.77 7.02 5.18 3.91 5.57 7.2 4.4 2.51 7.89 5.74 8.74 5.26
"18" 4.1 4.76 3.39 4.94 4.59 6.8 4.84 3.45 3.87 5.99 2.5 9.28 5.13 7.06 3.94 5.55 6.17 8.36 5.19 8.41 3.09 5.44 5.25 3.53 8.5 4.19 5.07 3.98 8.23 3.37 4.16 4.88 2.86 9.3 6.15 2.14 7.59 3.46 4.28 6.88 8.77 7.68 4.72 2.2 3.28 6.57 5.33 5.36 4.63 5.93 4.65 5.08 5.9 4.8 2.65 6.21 4.2 0.91 4.86 6.53 4.36 4.16 8.61 5.19 6.71 7.05 5.26 3.21 4.87 5.31 7.08 7.05 6.33 6.14 4.78
"19" 7.44 3.94 6.63 5.75 5.08 2.73 4.25 7.9 9.66 7.74 1.11 4.81 6.85 3.12 5.39 3.45 2.32 6.06 6.16 7.23 6.51 2.88 6.9 5.91 4.75 2.05 3.94 2.97 3.82 5.22 5.06 4.41 3.38 4.95 4.92 4.02 6.03 9.81 6.3 5.84 4.12 4.32 8.25 4.5 4.8 5.06 3.55 4.51 4.1 8.89 3.68 5.53 8.74 3.61 4.99 4.21 5.92 5.08 5.47 6.46 8.55 5.58 7.11 1.88 5.06 4.31 4.56 5.49 7.65 5.66 6.53 6.36 6.97 4.81 7.98
"20" 6.87 3.99 5.32 7.2 2.54 5.94 5.86 2.27 4.36 8.66 8.38 9.03 7.79 3.64 6 1.72 6.36 4.83 6.28 6.33 7.85 5.5 3.18 7.08 5.34 8.35 4.36 3.65 5.84 5.74 4.7 7.1 5.86 4.88 7.69 5.4 6.54 2.89 4.43 7.52 3.95 6.22 2.31 3.73 5.17 5.16 2.78 5.66 3.77 7.63 6.31 5.24 1.42 6.61 5.76 4.19 6.29 6.1 5.6 5.84 1.49 5.09 7.05 3.13 5.39 6.22 5.35 5.55 3.13 3.54 5.57 4.54 8.97 6.8 5.94
"21" 5.09 5.13 7.81 2.17 6.27 2.79 5.41 6.14 4.99 3.75 4.76 1.36 7 5.79 4.47 5.53 1.38 5.78 3.24 6.52 2.16 2.4 6.47 3.5 4.94 4.93 4.79 6.11 2.57 4.19 7.87 1.99 7.99 0.05 5.22 4.69 3.53 9 5.82 4.56 3.97 8.65 6.71 6.41 6.05 3.24 1.43 3.26 4.33 2.81 4.55 9.17 5.47 4.45 6.32 5.46 4.83 8.06 4.87 2.37 4.59 3.32 3.63 5.36 3.64 4.82 2.25 3.88 7.62 5.83 4.9 7.06 7.58 4.57 7.32
"22" 9.73 5.82 1.31 3.2 3.62 7.05 4.7 5.06 2.91 2.69 4.3 6.73 7.23 6.48 6.67 5.55 4.43 6.1 1.37 6.45 4.24 3.03 6.56 8.56 5.72 3.59 5.14 6.83 5.26 1.23 5.48 3.14 2.47 6.61 2.6 6.66 6.12 4.02 5.33 5.18 2.66 3.69 5.53 3.76 4.06 4.18 8.26 3.07 2.98 3.49 5.07 6.02 5.48 4.61 5.42 5.6 4.78 7.19 5.69 5.78 7.78 3.44 2.14 4.26 6.57 2.49 3.96 5.52 2.78 5.24 3 6.31 8.29 5.6 2.18
"23" 9.34 5.62 5.88 3.7 7.33 4.19 10.53 6.59 6.04 8.54 1.44 2.99 10.74 8.27 3.58 3.03 5.97 4.77 5.25 4.39 6.11 7.12 6.83 6.28 3.1 3.8 6.93 4.32 5.86 6.01 8.81 2.56 4.21 8.86 6.54 4.38 6.91 3.42 4.22 7.95 6.78 2.77 5.05 2.43 6.81 3.33 7.14 2.5 7.44 4.28 3.89 7.42 0.94 9.03 3.87 5.34 4.16 5.82 7.31 3.65 6.6 7.47 6.82 1.15 5 4.9 2.3 3.83 2.12 7.28 3.33 3.37 3.91 1.63 7.6
"24" 7.32 4.61 2.9 9.49 7.76 7.25 5.13 3.24 4.89 3.84 4.27 5.02 3.93 4.49 3.99 2.2 3.37 5.17 7.14 6.41 4.02 8.42 6.29 3.56 4.08 6.58 7.44 5.62 3.33 6.17 6.25 7.47 4.79 7.7 3.93 8.94 4.88 3.71 5.29 8.43 3.85 6.74 7.36 5.05 3.25 2.74 0.02 6.08 6.5 5.73 4.88 7.57 3.82 4.58 5.51 5.38 5.62 5.35 4.24 5.98 5.84 5.8 3.89 4.1 8.54 2.01 4.79 5.25 5 4.47 6.85 1.87 4.94 4.15 7.85
"25" 4.72 3.22 7.82 3.57 4.47 5.53 4.06 3.7 3.21 5.33 6.49 5.92 4.16 3.69 4.14 6.08 3.26 6.53 1.89 7.81 5.14 4.17 7.22 4.05 6.23 6 3.11 2.37 5.57 3.89 3.74 4.98 4.71 1.8 6.38 4.93 6.63 6.96 3.51 6.72 5.07 6.47 6.82 4.94 4.93 2.73 3.69 9.11 4.53 3.84 5.38 3.96 9.1 8.98 5.1 3.4 3.25 7.84 3.63 3.9 9.18 4.2 4.18 4.69 7.99 4.66 5.93 5.27 5.97 9.67 4.69 4.79 7.53 5.05 3.82
"26" 7.34 3.38 7.1 5.69 6.57 1.79 5.55 4.88 5.98 8.08 6.48 8.74 3.61 5.81 5.19 8.63 5.32 4.35 2.53 3.76 8.73 1.86 8.76 5.25 4.59 4.65 3.95 2.07 2.18 3.7 9.67 3.49 5.94 6.16 3.38 6.84 3.81 1.38 5.97 5.21 4.29 5.09 2.57 6.05 2.68 5.1 8.02 5.78 7.16 4.41 5.14 6.22 5.68 3.36 5.78 4.02 4.1 4.39 8.45 8.99 3.96 7.66 5.53 5.42 2.31 3.21 7.2 2.94 3.17 2.47 9.38 4.32 9.17 5.76 6.04
"27" 3.57 8.7 8.36 3.56 4.56 5.14 1.65 4.26 2.12 6.19 4.73 7.96 0.98 7.8 5.53 3.2 7.86 6.07 5.02 1.25 4.97 7.71 2.76 5.31 7.57 7.38 5.64 7.47 4.6 6.69 1.08 2.02 6 3.77 6.34 6.11 8.73 8.06 3.4 2.87 4.72 4.33 9.5 0.79 4.93 7.35 3.82 9.45 1.73 6.13 7.42 0.88 5.28 7.44 5.37 7.97 6.47 8.52 2.49 4.74 4.75 3.83 6.48 7.01 7.36 5.45 -0.74 7.59 6.91 6.19 1.56 2.3 5.13 6.71 6.52
"28" 5.29 5.02 6.26 8.19 4.57 5.04 1.15 6.59 -0.63 6.98 4.15 8.75 5.77 4.76 7.16 5.21 1.94 4.56 5.34 6.38 0.85 5.28 5.66 1.19 8.43 6.08 6.05 4 2.47 4.05 5.18 5.41 8.34 4.06 4.58 6.63 8.66 3.31 11.36 5.51 8.81 4.18 10.72 6.96 5.7 7.72 3.11 0.82 3.44 4.08 6.75 4.78 4.6 3.49 3.63 4.12 5.9 4.64 5.97 5.08 4.86 3.01 3.53 3.31 5.18 5.67 5.85 3.76 6.21 4.75 3.95 3.47 3.22 3.7 3.74
"29" 3.29 5.49 4.87 7.78 7.89 6.27 4.55 3.45 4.84 2.67 8.7 3.01 3.34 4.62 6.3 5.85 5.29 2.83 1.8 5.88 3.31 6.06 4.58 3.14 7.84 4.56 5.71 3.34 5.65 5.47 1.18 6.96 7.87 4.94 5.36 7.08 4.52 4.62 8.29 4.91 4.33 5.53 2.89 3.26 4.17 3.54 7.58 7.88 3.02 5 5.7 8.13 7.1 0.75 5.96 4.9 7.08 0.92 4.75 6.47 5.79 3.51 5.19 4.43 5.52 5.12 1.33 3.94 6.96 6.99 1.59 2.46 3.59 2.34 4.81
"30" 5.64 2.23 4.18 2.98 4.03 3.92 7.51 2.12 3.48 6.99 1.53 2.43 4.23 4.76 5.29 4.88 7.84 6.56 4.89 7.08 7 2.32 5.6 5.04 5.67 5.48 4.09 6.43 5.65 4.28 2.44 4.89 6.69 6.87 1.06 5.43 3.51 5.67 8.81 7.77 4.87 3.92 5.45 6.42 4.15 5.19 7.81 3.03 3.62 5.95 1.97 7.44 7.86 4.5 5.58 4.58 6.09 3.7 4.27 7.88 4.26 5.46 3.26 3.51 2.89 5.3 9.34 5.25 1.93 6.09 4.58 -0.01 5.78 8.32 6.13
"31" 4.06 8.47 5.36 5.91 4.02 5.68 2.8 4.4 6.76 1.83 4.82 4.32 6.32 5.79 7.95 7.85 0.35 2.26 7.03 5.76 5.66 2.96 2.65 5.09 7.19 4.97 5.49 5.37 5.28 5.59 8.45 5.25 5.69 5.23 4.56 2.63 5.26 0.52 5.01 4.77 4.25 6.02 6.73 2.08 5.24 6.26 3.89 5.11 8.98 5.45 6.9 5.69 3 3.58 2.97 7.21 2.64 5.76 3.06 4.37 3.87 3.93 2.36 6.77 5.45 4.04 4.68 3.53 5.62 9.06 5.1 7.05 5.75 7.82 6
"32" 9.6 9.69 9.25 3.3 3.62 4.51 3.96 4.24 1.97 3.86 3.05 3.93 2.06 6.11 1.21 5.17 8.57 4 6.9 4.01 3.9 4.17 6.1 4.81 4.11 7.08 4.17 2.79 6.89 4.81 6.15 3.49 5.71 6.05 6.67 6.85 6.43 5.86 5.68 4.89 4.14 6.48 2.2 3.03 8.1 5.43 5.04 5.33 8.44 6.76 6.13 3.87 4.81 3.74 3.35 1.63 2.59 0.56 3.99 1.82 3.79 7.42 6.18 6.63 3.33 3.89 5.29 4 6.51 3.63 4.38 4.81 4.84 7.74 3.96
"33" 5.84 -0.35 3.21 4.39 6.23 2.65 7.11 7.91 6.94 6.07 5.3 5.68 4.04 4.26 4.42 5.38 5.19 2.4 4.45 2.7 4.04 2.95 3.96 3.61 5.61 6.15 5.52 4.84 4.74 2.77 5.56 4.85 6.48 5.6 3.37 8.24 4.06 5.06 5.2 7.59 5.99 6.32 4 5.52 4.09 6.58 1.46 6.14 2.34 1.96 3.99 6.32 9.26 3.63 2.86 5.46 2.7 5.45 4.71 2.32 9.54 7.91 3.8 2.4 0.74 8.51 4.55 5.58 6.03 5.26 5.96 5.73 3.58 4.11 5.7
"34" 3.6 3.6 5.1 4.93 3.69 3.59 8.85 3.96 4.49 5.44 4.04 3.28 4.29 3.98 6.4 2.39 6.58 6.07 2.69 3.51 3.16 5.04 4.34 9.43 1.58 6.39 5.96 7.78 5.3 6.42 4.59 5.93 2.13 1.44 5.55 4.74 10.1 9.56 6.65 5.08 2.8 4.65 6.41 7.55 7.26 3.92 3.13 7.88 4.56 6.25 3.02 4.68 1.22 7.36 0.25 5.64 6.76 4.81 5.38 3.23 7.88 4.11 7.63 5.65 7.34 8.83 2.62 6.55 0.38 4.96 4.43 7.87 1.99 3.33 3.72
"35" 5.68 6.41 3.86 4.04 1.62 7.35 7.35 7.52 5.67 4.28 5.48 6.23 4.66 3.83 4.6 5.47 4.36 7.84 6.3 4.92 7.65 5.58 4.5 2.46 7.5 5.95 4.12 2.58 7.26 3.64 3.69 4.41 4.72 7.26 4.94 8.52 3.35 5.98 5.02 6.35 5.81 6.29 6.93 5.11 7.61 2.91 5.93 5.5 5.25 5.69 1.69 5.18 6.56 7.17 6.99 4.98 1.74 5.94 6.04 5.07 1.62 6.39 6.87 6.9 7.18 5.27 4 4.08 5.35 2.93 3.9 4.06 4.8 4.56 4.51
"36" 5.87 4.59 8.62 3.88 7.42 9.12 5.6 0.43 7.68 6.04 4.93 3.18 5.48 2.95 6.32 6.79 5.38 5.4 3.77 9.15 4.82 4.33 4.75 6.02 4.76 7.82 5.91 8.86 5.96 6.97 -0.4 7.12 4.47 3.68 1.84 4.39 6.63 7.96 5.32 1.89 5.67 3.16 7.39 5.74 6.48 3.19 5.19 4.78 8.74 5.23 5.45 5.12 6.14 5.36 2.41 1.83 3.92 5.35 4.16 6.11 4.19 4.97 6.77 6.2 6.33 3.41 5.27 1.11 4.72 4.01 2.91 6.48 7.52 3.22 6.44
"37" 7.08 3.28 3.78 4.12 4.29 3.56 4 3.39 5.79 2.09 6.97 6.51 2.57 2.2 6.68 4.7 2.76 4.17 4.13 4.95 5.28 5.8 8.67 1.85 5.87 6.46 7.35 5.8 7.41 6.69 4.92 3.29 1.68 1.19 1.47 7.99 2.06 8.32 4.92 4.23 4.91 1.47 6.12 3.6 1.93 5.03 8.11 3.96 2.66 5.42 3.45 3.39 2.98 4.7 4.68 2.91 6.18 1.8 8.46 5.61 0.4 6.9 8.03 5.05 2.57 6.76 4.71 6.56 2.39 3.64 5.58 8.65 10.67 6.57 6.85
"38" 4.58 7.01 4.1 9.15 5.41 4.13 2.92 1.28 5.12 4.07 7.38 5.29 4.38 2.41 2.76 2.3 4.6 3.75 3.53 6.49 6.86 8.5 6.54 6.14 3.46 2.91 7.37 8.55 7.63 5.31 6.09 3.93 3.68 5.3 5.23 3.9 2.95 5.21 0.96 4.47 6.07 8.08 4.52 8.2 3.05 5.29 0.91 7.97 0.97 2.28 4.72 8.82 5.57 4.76 5.17 7.4 6.23 5.09 5.54 2.4 6.6 4.52 5.37 2.28 8.23 6.11 5.99 5.54 6.62 3.11 2.8 3.14 4.95 4.28 8.92
"39" 2.31 4.67 1.34 3.32 5.69 3.68 6.61 9.38 3.81 6.16 4.6 2.25 7.26 2.62 5.15 4.83 2.28 3.49 3.21 3.49 6.81 3.09 4.38 7.69 4.13 9.16 5.83 5.09 3.12 3.81 4.76 0.94 4.01 4.3 2.51 7.6 7.54 4.31 7.93 3.87 6.59 7.89 2.57 4.34 4.72 5.66 0.91 5.9 7.3 4.02 2.79 5.49 2.24 4.52 6.92 5.78 5.33 3.84 6.02 0.87 6.19 1.87 6.5 1.96 5.32 4.61 4.16 4.61 2.43 6.05 2.74 5.2 5.31 5.42 6.91
"40" 5.05 4.78 6.36 4.01 6.91 4.39 4.47 4.19 3.82 0.97 3.39 10.79 3.3 5.42 6.18 4.29 6.03 5.74 2.8 5.19 4.04 3.07 9.44 6.37 5.86 5.41 3.21 2.19 7.05 4.63 5.05 8.07 2.55 3.69 4.26 5.24 5.48 6.15 4.76 6.5 5.79 1.51 6.27 2.5 5.27 1.59 5.96 2.5 8.6 3.13 5.37 4.57 2.88 6.04 3.58 3.44 4.72 3.27 1.6 5.73 6.79 6.72 6.4 3.5 8.49 2.83 5.05 6.31 3.41 3.97 5.32 5.7 4.67 3.95 1
"41" 6.7 4.31 2.09 6 6.05 7.6 4.07 3.16 6.7 4.03 8.57 3.96 1.38 2.87 5.37 3.05 4 1.88 6.16 4.96 3.96 6.16 6.78 7.5 6.38 4.58 5.47 3.79 7.31 5.55 2 6.21 3.08 5.35 5.76 2.43 6.01 4.83 3.86 4.19 6.83 4.82 3.27 4.39 4.72 9.11 7.05 6.15 8.1 1.87 4.77 5.98 4.63 2.31 8.38 4.25 5.23 5.94 6.5 3.94 3.83 4.83 5.23 3.92 3.62 3.46 5.9 6.79 5.42 4.33 3.44 3.67 4.05 1.58 5.19
"42" 5.84 4.87 2.69 4.88 5.93 3.07 7.37 7.84 3.42 6.93 6.82 4.79 1.64 2.46 4.63 5.66 5.06 5.63 5.38 4.09 4.68 9.83 5.37 5.88 5.71 5.44 5.77 3.42 6.8 8.78 3.53 2.87 2.56 5.37 2.3 5.15 7.53 4.26 6.05 8.04 5.39 3.19 4.68 5.86 5.5 3.75 4.12 3.31 8.54 6.45 8.35 6.86 8.63 5.61 2.23 3.64 4.73 4.47 4.15 5.84 3.88 0.89 5.24 2.28 2.74 7.27 3.37 2.38 5.76 7.02 2.03 5.69 6.8 3.89 4.8
"43" 6.22 6.83 3.25 6.55 10.02 7.86 7.95 5.14 3.9 2.71 6.67 3.25 4.55 7.35 2.9 3.93 2.45 8.99 4.64 4.6 5.79 2.21 7.82 7.58 4.77 5.96 5.76 5.08 5.3 7.11 3.79 2.4 3.87 5.29 2.8 4.26 5.06 5.72 5.14 6.89 4.81 4.61 6.75 1.1 4.34 8.48 5.71 3.47 5.7 7.01 6.69 2.16 3.82 5.1 3.48 5.69 8.97 2.52 5.43 1.76 0.85 7.12 7.14 0.89 4.82 6.03 1.01 6.31 4.74 4.36 4.59 4.95 7.48 3.83 4.76
"44" 6.1 6.33 7.23 3.9 4.43 4.63 3.97 3 1.93 2.98 3.89 6.11 3.72 2.24 9.92 7.3 2.62 5.04 6.26 2.15 6.9 4.72 7.26 2.39 3.16 4.11 6.16 7.61 8.05 3.69 6.03 8.44 3.53 9.32 3.24 5.69 0.08 8.84 3.5 6.03 7.78 6.23 2.33 5.88 6.34 4.77 5.62 3.97 6.66 2.55 4.07 4.97 6.2 8.77 6.42 6.19 4.32 6.99 2.77 4.85 6.41 8.31 4.55 4.65 4.38 2.46 1.76 5.49 4.04 3.48 7.5 3.34 5.76 6.12 6.35
"45" 4.8 3.66 1.63 5.71 5.7 8.37 7.29 7.39 6.27 2.4 4.6 5.17 4.3 7.77 6.52 3.65 5.23 5.12 6.95 6.7 7.47 7.85 5.23 6.02 4.21 6.61 5.12 5.25 7.08 4.34 4.52 6.11 3.92 1.86 4.74 0.73 3.95 7.11 3.95 4.37 6.45 5.46 3.93 8.01 7.41 5.19 4.69 4.35 6.1 5.95 6.31 3.25 3.72 5.39 8.07 1.23 5.28 5.58 7.98 2.59 4.26 10.78 4.85 4.97 3.37 3.3 3.29 3.08 7.13 5.95 3.92 8.31 5.12 4.36 5.85
"46" 6.06 6.88 2.33 9.51 4.63 5.89 3.3 6.94 4.31 7.5 5.7 3.46 4.28 4.88 5.58 4.22 3.44 2.68 8.98 4 8.75 6.11 3.87 4.1 6.87 1.68 3.14 9.05 1.99 6.76 6.4 8.37 4.06 4.85 5.04 4.62 6.46 8.97 4.67 6.42 4.48 8.59 8.2 7.58 5.69 4.48 6.69 9.03 6.68 5.15 7.67 6.24 6.37 2.99 3.09 6 1.24 7.05 5.23 5.77 4.55 3.07 5.06 2.19 6.61 4.53 6.92 4.73 4.3 4.84 2.62 1.95 3.28 5.52 3.96
"47" 7.17 4.89 4.41 3.52 4.4 3.59 3.54 5.55 4.18 6.78 3.21 4.64 3.29 0.54 1.12 4.54 4.03 8.05 2.96 5.62 3.27 4.74 5.4 5.47 4.93 5.88 2.72 4.15 3.87 6.58 4.15 5.89 6.51 3.93 6.82 6.57 3.08 5.97 2.03 5.06 7.06 7.53 5.22 3.2 4 6.01 0.04 8 4.62 6.85 6.31 3.95 5.98 5.56 5.85 2.87 3.9 0.72 4.56 2.16 3.03 4.6 3.96 5.24 5.93 3.91 3.25 4.11 4.58 3.52 7 6.59 4.01 5.66 10.54
"48" 2.34 2.74 5.1 8.15 3.36 3.68 3.24 5.08 10.89 1.91 1.61 7.73 5.61 2.26 4.62 5.92 6.75 6.25 5.19 6.29 2.98 2.9 6.53 4.1 5.61 2.85 2.08 5.57 2.46 5.59 4.18 6.99 2.13 7.14 5.11 6.9 2.85 6.44 3.99 8.35 0.58 5.89 3.02 6.19 7.79 2.32 4.63 6.21 6.17 6.42 4.33 4.23 4.53 10.19 5.17 4.87 5.07 5.26 5.91 6.67 6.39 2.05 7.25 4.64 5.02 3.48 6.69 5.05 4.21 5.37 4.19 1.54 4.45 3.12 6.91
"49" 4.65 4.72 5.48 4.31 6.2 6.99 4.26 3.28 7.02 5.84 3.84 4.47 4.91 5.8 7.16 7.74 5.42 6.36 4.98 7.29 8.34 5.09 3.69 5.08 4.35 4.89 3.95 0.35 5.64 7.4 3.98 4.12 2.19 4.89 6.55 6.36 6.8 4.33 2.35 7.62 5.47 5.13 5.26 8.68 3.49 3.31 2.07 4.23 4.3 6.19 5.27 3.45 3.32 7.28 5.1 3.74 8.7 3.73 5.6 0.7 0.97 4.49 3.92 9.97 6.08 4.67 5.05 4.6 5.51 10.12 4.11 3.38 4.82 3.23 4.31
"50" 5.37 8.29 7.75 3.42 2.3 8.75 0.51 8.66 7.88 5.17 5.89 3.53 4.53 5.23 4.96 7.4 7.06 5.7 3.32 9.02 0.28 2.44 8.54 4.5 2.78 2.57 9.3 6.41 3.47 8.57 8.35 6.39 7.37 5.07 4.19 3.22 7.45 6.98 6.86 5.56 4.18 1.74 5.34 2.44 2.67 5.43 5.78 7.87 4.31 3.92 2.86 1.85 6.19 6.81 4.43 2.56 3.96 7.02 4.36 3.67 5.85 4.33 4.99 2.75 1.47 3.47 4.98 6.31 4.14 3.29 4 5.21 0.83 4.5 2.97
"51" 3.65 6.28 8.96 5.46 1.16 5.1 5.47 5.61 4.91 8.18 2.93 5.52 2.65 6.07 2.59 4.39 7.04 4.94 4.11 6.51 4.91 4.06 4.41 2.04 3.79 4.26 5.37 4.84 8.37 4.85 6.33 2.24 5.66 5.29 6.81 5.5 3.38 7.19 4.85 2.65 5.07 6.35 4.79 2.5 6.12 4.65 4.69 6.6 5.54 5.5 5.73 6.21 9.79 5.31 8.66 7.01 1.94 3.7 5.94 4.75 3.41 10.73 8.58 0.65 6.28 8.84 6.75 6.75 3.35 2.48 2.84 4.3 2.99 5.73 7.3
"52" 2.95 3.95 3.91 3.15 7.37 3.86 5 10.12 5 6.4 4.3 2.81 4.02 6.89 7.13 5.92 5.19 5.77 5.7 5.56 8.3 8.68 6.28 1.68 7.2 6.53 6.31 7.08 3.58 0.76 2.42 8.35 4.03 8.27 5.89 5.3 5.57 2.53 4.72 6.73 2.87 6.18 6.23 7 4.77 6.44 4.47 5.32 6.71 3.18 4.27 6.43 4.79 2.42 6.47 3.02 6.09 3.22 7.06 6.07 6.79 2.9 7.6 8.29 5.49 3.8 3.55 6.63 2.87 3.86 7.05 3.35 2.41 6.4 6.08
"53" 4.3 5.48 3.98 3.95 6.85 3.97 4.85 9.14 6.96 4.05 4.43 7.72 4.08 5.58 4.82 4.31 7.5 4.48 4.09 2.21 2.39 7.54 6.38 3.45 7.7 3.32 0.1 8.83 7.77 7.84 5.47 6.54 2.81 3.04 3.89 4.08 2.57 6.07 4.71 5.64 5.04 7.37 6.65 6.96 2.66 3.46 5.44 8.36 4.03 3.33 6.01 3.99 6.01 8.42 6.59 5.66 3.28 4.71 5.27 4.72 1.87 4.6 4.92 2.61 4.81 3.68 8.38 7.3 3.73 6.8 4.02 8.86 4.14 5.45 3.28
"54" 3.16 5.6 3.97 3.91 5.58 9.02 3.4 6.01 2.6 4.39 4.77 3.49 3.04 6.4 6.33 3.86 6.23 4.23 3.37 5.1 9.15 4.94 4.77 5.89 5.59 4.78 5.14 0.41 5.15 0 7.03 2.81 3.1 2.53 5.25 4.9 3.36 5.97 4.07 3.98 -0.31 4.47 3.34 7.45 7.21 7.41 3.95 2 3.81 7.19 4.53 2.79 6.6 7.62 0.06 4.19 6.44 6.35 5.61 3.81 6.48 2.94 6.53 4.7 3.3 6.45 6.17 3.09 2.47 3.8 5.72 4.52 4.34 3.46 4.27
"55" 4.49 5.1 2.68 0.42 7.95 2.68 6.52 5.95 7.01 3.95 6.26 4.61 4.58 -0.19 3.82 5.72 7.76 5.65 4.1 5.88 5.47 5.21 3.81 3.38 5.84 1.88 5.11 9.07 6.09 4.55 5.65 8.69 1.07 3.23 4.56 1.59 7.84 7.32 4.24 3.22 5.37 5.78 4.86 2.76 3.27 3.8 4.75 6.48 3.69 2.55 3.33 5.51 7.46 4.22 4.91 4.1 4.08 4.13 9.72 3.87 5.61 5.75 6.68 3.89 1.78 4.59 7.95 4.39 3.27 5.96 0.39 5.3 4.02 5.36 10.73
"56" 4.17 4.01 1.3 3.16 6.29 4.46 3.39 8.28 5.98 6.18 -0.21 7.27 4.68 4.14 7.92 6.6 4.33 3.07 6.02 5.48 4.97 6.34 6.1 5.38 2.79 6.58 13.39 7.74 8.18 7.75 7.01 5.21 6.75 2.6 1.39 5.92 5.24 4.6 5.68 2.99 3.17 5.35 10.04 4.87 5.37 8.15 4.35 3.81 8.56 8.93 6.15 3 9.2 8.07 3.73 6.3 6.04 4.72 0.12 1.23 2.87 3.46 8.11 7.91 4.11 1.46 8.04 3.91 0.35 3.21 7.42 4.23 4.8 0.11 3.65
"57" 5.04 3.82 4.19 5.07 4.37 3.09 3.84 5.35 4.63 4.78 2.13 3.18 5.91 4.45 4.95 5.89 5.68 5.51 5.14 9.54 6.24 3.4 4.31 6.87 5.08 3.5 8.3 1.69 6.52 9.86 4.08 5.23 4.12 4.27 4.51 6.37 5.98 3.68 4.36 6.56 2.92 10.45 5.66 7.17 2.92 7.02 5.9 0.5 1.34 7.72 3.36 3.38 4.81 6.46 6.03 1.41 5.2 4.1 1.21 3.89 8.62 7.1 3.28 5.29 5.43 6.69 8.13 2.03 4.86 5.73 3.71 1.26 3.91 1.97 3.7
"58" 5.53 5.07 7.68 5.47 10 4.81 0.73 5.14 8.45 2.75 3.79 5.36 2.13 5.65 3.85 5.29 5.34 6.01 6.05 5.41 3.53 6.19 3.5 5.73 4.04 5.52 5.52 4.39 5.28 3.25 2.75 4.91 0.17 5.67 5.29 6 7.49 2.15 3.16 2.96 1.75 5.29 8.22 6.09 6.57 9.08 5.19 3.7 6.54 6.15 -0.25 5.68 5.48 1.82 1.96 6.25 4.37 4.85 8.95 5.59 6.25 0.64 4.41 4.99 3.41 5.88 1.29 6.5 4.81 5.65 2.6 0.47 3.88 6.21 8.76
"59" 4.43 2.85 6.81 9.19 2.76 7.32 4.61 3.6 0.96 4.5 1.61 5.65 5.13 0.86 3.84 3.95 8.59 2.47 7.9 5.6 4.51 5.53 4.77 4.35 5.59 3.99 2.54 5.25 8.63 6.23 4.7 6.09 2.23 5.39 5.04 2.8 4.57 3.83 4.83 2.75 0.88 -1.66 7.65 5.04 7.19 4.13 5.31 9.08 4.93 4.98 6.35 3.21 6.38 8.06 4.76 6.09 6.28 4.22 6 8.42 4.64 5.01 8.07 4.12 4.57 4.52 5.2 8.13 5.99 6.15 7.16 3.32 3.28 6.22 7.74
"60" 4.66 4.2 6.39 2.16 6.42 1.81 5.97 3.18 5.08 8.76 5.1 6.71 2.9 -1.01 1.84 3.41 1.42 6.76 4.47 8.49 8.02 3.42 5.4 4.68 3.73 3.84 2.66 2.71 8.94 4.04 4 4.36 4.63 5.23 8.86 5.62 5.15 6.77 8.6 2.65 7.3 4.4 4.8 9.52 7.29 3.85 5.38 6.19 1.05 3.56 7.87 6.98 7 5.48 3.69 2.76 6.77 6.64 1.61 3.23 5.83 4.99 2.77 4.8 6.58 5.04 3.5 3.03 3.45 6.3 3.4 7.41 6.74 6.4 5.42
"61" 4.52 5.33 3.78 5.68 5.12 3.84 3.86 4.88 4.53 1.1 7.66 4.73 2.55 8.8 6.53 4.02 6.26 6.7 5.22 7.74 2.79 6.24 4.65 6.18 4.28 4.6 -1.6 5.59 3.15 3.26 6.44 2.27 6.24 4.02 4.3 6.68 5.9 2.34 6.63 6.88 5.56 6.06 2.41 4.04 2.44 5.67 6.66 3.62 4.8 4.68 1.37 5.39 4.65 7.6 6.17 10.8 2.07 5.07 7.33 4.11 1.82 3.62 3.79 7.58 5.29 6.1 3.3 -0.04 3.6 5.46 5.26 7.29 5.73 5.15 4.29
"62" 3.86 4.73 2.7 5.73 3.13 6.95 -0.04 4.35 6 7.6 6.85 5.62 4.53 7.11 0.8 7.04 3.77 5.11 5.48 5.24 2.93 6.57 6.85 9.6 3.27 2.06 3.89 8.53 5.23 2.5 5.14 5.57 7.91 6.8 3.29 6.77 0.54 8.16 5.84 6.35 4.41 8.18 6.26 4.16 4.52 6.25 4.14 9.41 5.69 4.69 2.34 3.17 2.67 7.9 4.95 0.27 9.25 6.33 3.63 4.8 3.71 2.71 7.77 6.65 6.55 3.87 6.38 3.09 4.52 3.83 2.21 2.44 5.89 7.38 3.48
"63" 6.84 5.64 7.61 8.38 6.03 4.96 4.94 0.95 6.41 5.03 6.25 7.65 4.27 3.81 4.54 3.23 7.5 3.71 5.8 1.41 10.74 3.71 4.11 8.92 4.53 3.14 5.31 1.15 2.01 3.6 7.12 3.08 4.94 5.14 5.48 5.94 7.55 2.67 4.39 2.99 2.58 4.98 6.19 6.02 4.2 5.18 3.37 10.83 6.69 5.37 4.04 3.19 3.69 3.14 5.46 3.44 7.15 6.49 5.25 5.96 7.26 5.48 7.24 7.91 4.3 8.91 4.58 3.66 5.58 1.72 6.12 9.5 3.15 6.66 7.02
"64" 0.34 4.03 2.98 -0.02 3.06 6.28 5.15 4.98 4.91 5.02 4.97 4.98 6.51 5.92 7.39 4.86 7.96 4.73 7.1 8.09 4.64 4.87 8.53 3.2 4.13 7.71 2.58 3.16 4.92 6.22 2.03 8.07 8.12 4.09 4.57 6.35 6.67 6.28 3.99 4.32 7.03 3.36 1.96 5.88 7.83 7 5.67 9.24 1.35 0.85 5.97 4.95 2.47 5.65 1.6 2.64 8.36 3.68 5.83 7.39 5.85 2.9 5.91 4.68 6.63 4.57 5.93 4.92 4.63 5.83 4.24 7.03 4.63 5.63 0.96
"65" 6.39 3.17 3.85 3.35 3.42 4.86 2.23 4.22 8.02 6.57 11.1 0.82 5.15 3.04 5.36 5.72 5.31 6.83 2.69 3.25 2.8 7.34 0.09 5.06 4.85 3.67 6.13 4.62 6.1 4.1 6.86 7.81 5.13 4.57 2.35 4.82 2.76 6.01 4.92 3.92 4.32 5.11 6.53 5.9 3.32 4.93 2.89 5.38 1.8 5.34 6.13 2.17 3.98 3.01 4.32 4.73 6.11 5.51 6.4 7.28 5.64 2.68 4.8 3.93 5.85 4.55 5.52 4.92 2.73 4.22 5.13 5.61 2.73 5.3 1.9
"66" 0.73 4.25 4.61 4.48 3.19 3.66 4.34 6.22 6.04 2.34 6.5 4.78 4.07 5.89 3.13 4.53 4.97 5.61 7.17 7.06 3.72 5.04 4.63 6.27 4.33 6.97 4.28 4.56 5.95 5.13 4.74 8.66 3.1 6.21 5.32 8.35 6.72 6.54 2.18 5.59 3.13 3.61 5.82 6.87 5.72 7.21 4.38 4.02 10.22 3.68 5.89 8.56 6.19 5.14 3.23 5.58 5.36 6.21 3.97 5.38 6.9 4.49 1.22 6.93 4.47 2.84 6.27 7.3 6.75 2.16 5.23 6.1 2.48 3.86 6.16
"67" 3.78 5.96 6.9 3.34 4.37 4.39 7.56 3.51 1.81 4.01 5.15 1.63 3.57 0.47 5.52 7.88 7.49 2.7 5.52 3.43 6.15 5.66 5.09 8.17 5.47 4.54 5.31 4.22 4.97 4.41 3.03 0.18 4.23 6.19 5.43 5.51 4.54 2.96 3.23 1.91 2.73 6.73 4.39 5.71 0.38 5.45 5.24 10.19 6 1.8 4.46 4.01 6.5 4.51 4.77 5.2 4.51 4.07 5.39 4.53 6.2 2.78 1.3 8.89 5.01 2.24 4.92 6.22 5.72 6.62 5.31 5.07 3.05 3.93 4.4
"68" 6.81 4.99 3.84 9.05 2.27 1.86 8.42 3.14 4.41 4.34 10.99 5.39 5.23 4.6 1.58 2.45 3.68 5.38 5.7 6.53 7.18 3.56 5.44 6.16 5.26 3.13 4.65 4.9 2.94 6.69 8.67 7.5 7.74 6.41 3.36 8.11 1.41 3.25 7.75 4.49 8.86 7.81 5.64 3.77 8.67 2.32 2.53 3.13 7.07 5.29 1.25 6.79 6.35 6.55 5.29 1.41 2.51 4.66 5.52 9.57 3.75 6.73 1.57 3.93 3.75 3.76 6.47 5.07 3.77 4.15 7.47 2.01 2.7 3.24 2.94
"69" 3.06 3.2 4.8 5.9 6.47 7.83 8.55 6.79 5.82 5.43 6.89 7.39 3.84 9.33 5.18 2.59 6.72 2.26 6.4 5.86 5.36 3.29 2.5 6.72 9.54 7.82 5.09 6.44 4.8 4.58 5.64 4.39 4.3 5.55 5.57 3.7 -0.28 1.95 5.49 8.14 5.29 5.88 2.6 4.36 5.98 5.32 8.35 3.86 3.95 3.93 4.85 5.03 8.76 4.22 7.24 9.32 2.53 1.84 5.53 2.53 3.8 8.28 3.1 2.57 4.39 4.35 8.58 6.04 5.37 5.83 3.61 9.49 6.08 3.98 9.17
"70" 5.18 5.18 4.06 8.49 4.06 5.69 7.91 7.07 7.2 5.72 7.83 5.71 4.64 3.49 3.96 3.65 6.09 6.8 6.41 3.22 4.49 3.94 3.37 5.68 5.38 4.58 8.26 4.9 4.2 7.2 3.89 9.4 3.46 4.86 4.71 6.77 2.57 3.98 7.12 6.91 2.31 7.28 4.64 4.15 6.19 5.97 3.11 6.52 3.94 4.7 3.27 7.41 7.92 3.64 5.61 3.06 6.05 4.77 3.7 6.57 1.3 7.01 4.29 7.81 6.18 1.98 6.84 2.15 2.11 6.08 4.11 5.98 3.44 3.94 5.32
"71" 6.02 5.87 6.21 5.42 5.57 2.73 6.28 3.25 3.63 8.39 3.35 3.83 5.96 4.67 2.07 9.7 5.21 5.39 2.8 6.91 8.49 6.86 4.64 5.08 5.96 5.12 3.93 4.8 8.47 4.8 8.71 5.63 2.84 4.02 2.04 4.83 5.12 5.69 5.27 5.44 5.36 4.78 9.52 5.4 5.52 5.8 6.84 6.55 4.96 6.52 3.62 6.56 1 6.39 6.44 5.9 5.9 2.64 5.16 5.09 5.99 6.74 3.74 5.78 6.12 4.99 5.42 5.86 2.41 5.84 4.37 8.53 5.18 6.21 3.2
"72" 5.56 4.24 8.03 4.47 7.09 3.94 3.97 4.4 5.38 2.21 5.66 3.05 6.44 3.89 7.41 6.11 4.76 3.36 4.53 4.41 4.59 5.83 1.56 9.5 -0.66 2.28 3.23 7.16 5.6 3.63 5.64 5.06 8.39 6.57 4.24 2.62 3.32 5.98 5.74 1.04 6.74 6.65 4 6.83 1.89 3.36 5.46 1.41 3.52 3.74 9.61 5.2 6.55 4.25 6.76 6.42 5.4 3.64 1.98 3.03 2.66 1.75 2.1 7.35 4.05 5.05 6.12 5.44 8.48 6.11 3.38 7.87 2.34 3.41 5.53
"73" 4.83 6.79 6.42 4.29 5.4 4.2 6.78 4.86 5.14 3.53 4.3 1.54 1.99 3.44 1.95 0.43 8.42 5.43 8.19 6.84 9.59 9.26 7.78 5.79 4.83 6.56 6.32 2.06 5.56 8.72 2.67 6.22 3.68 3.13 5.94 4.86 5.65 5.93 2.8 6.46 4.85 5.46 8.55 6.71 0.53 4.66 5.84 3.02 9.15 5.42 5.63 5.18 9.22 1.48 6.06 7.37 5.06 4.55 5.61 5.98 5.18 4 2.84 6.9 6.46 5.49 6.94 5.01 3.9 5.07 5.36 1.95 5.56 7.02 4.99
"74" 6.19 5.11 5.86 6.56 6.18 5.83 4.94 4.51 5.41 7.36 5.41 11.21 -0.27 5.98 2.1 7.84 6.77 4.71 1.66 5.31 6.88 3.3 4.05 5.25 7.59 3.85 2.65 7.86 4.51 3.59 4 3.2 6.97 2.17 4.33 3.96 6.33 3.26 5.59 2.42 9.83 1.33 4.38 3.32 8 6.43 6.43 6.98 5.18 7.89 2.16 5.58 4.37 6.83 5.76 5.99 3.09 3.51 4.74 7.62 3.31 6.98 9.24 3.65 3.82 5.07 5.08 4.97 6.4 8.67 2.75 6.02 3.98 7.22 5.23
"75" 3.97 8.35 5.4 4.25 7.74 8.3 6.62 6.98 7.14 5.6 4.42 6.58 2.38 3.94 4.1 7.63 9.15 6.6 4.4 8.3 6.16 2.81 6.57 2.08 4.89 4.49 3.04 3.13 7.03 3.12 6.43 6.53 8.57 5.1 3.6 6.2 7.48 2.9 4.76 5.12 7.31 2.32 4.56 6.88 4.46 7.44 4.18 4.53 -0.36 4.97 6.51 1.86 2.71 4.1 2.76 5.09 5.92 5.61 9.87 2.88 7.39 4.38 5.85 5.44 6.18 4.87 5.74 8.48 5.03 6.87 5.94 5.06 7.25 8.03 7.1
"76" 5.7 4.33 8.67 6.58 4.21 5.01 5.93 6.04 6.97 7.23 0.77 6.14 7.48 8.44 5.47 3.8 7.08 3.51 1.65 2.94 4.32 5.89 1.79 5.61 2.13 6.2 8.08 7.99 2.34 4.42 8.56 7.11 5.48 6.38 4.84 5.17 3.8 5.61 3.36 5.12 6.87 5.94 3.31 5.3 6.57 6.45 4.72 3.97 4.85 5.75 5.96 5.28 8.09 8.26 4.64 8.32 3.59 4.89 9.35 7.26 6.45 4.75 5.08 1.56 -0.67 4.55 8.27 7.3 5.03 5.19 4.57 3.44 5.71 1.68 5.04
"77" 5.97 3.14 3.87 6.05 2.43 4.08 7.54 6.14 6.06 3.48 7.26 5 1.79 1.45 4.38 4.53 4.04 9.76 7.52 4.71 7.52 4.57 4.29 4.94 4.65 6.83 2.41 3.78 3.83 3.82 8.36 2.64 3.95 5.7 5.92 3.42 5.34 5.32 4.2 7.36 4.16 2.87 6.3 3.28 3.55 4.32 4.52 7.36 5.92 2.14 2.01 3.18 4.77 7.75 7.36 4.57 7.05 5.49 4.36 4.69 4.6 4.72 1.83 4.21 4.99 3.69 7.84 6.97 4.84 4.94 4.03 4.41 5.12 2.51 6.69
"78" 3.43 3.95 7.07 6.18 3.41 1.98 2.39 4.26 4.81 3.97 6.23 3.34 1.67 5.4 1.71 5.49 3.33 3.93 2.88 3.08 3.2 6.99 5.92 6.1 4.31 5.07 5.14 3.99 0.73 -0.49 5.63 2.59 3.7 4.39 6.13 3.73 5.19 5.58 7.73 4.34 6.78 6.34 5.96 5.94 5.64 5.54 5.19 5.55 4.4 9.14 4.34 3.93 7.3 5.12 3.11 4.41 5.4 3.97 5.26 4.78 6.05 1.85 5.09 4.06 7.02 1.86 4.6 2.97 1.08 3.06 7.98 3.69 5.27 5.81 5.79
"79" 4.08 2.91 6.67 5.87 3.76 5.73 7.75 5.09 3.91 6.28 4.33 3.16 0.47 4.09 3.96 6.92 3.15 2.74 6.88 6.98 2.41 6.04 3.87 6.6 3.07 5.97 6.6 3.14 4.68 2.07 4.14 3.2 7.09 2.2 6.28 5.06 5.06 7.7 10.58 3.42 5.59 6.11 4.64 2.68 6.56 7.83 5.54 2.96 4.43 0.89 6.94 2.87 2.59 4.46 6.43 4.62 7.89 5.42 6.29 5.78 1.73 6.64 6.58 4.51 4.4 5.98 4.1 2.29 4.24 6.88 3.84 4.53 5.92 4.06 3.93
"80" 3.17 3.78 2.19 5.3 5.37 5.41 2.74 4.42 8.2 5.14 3.27 7.76 4.15 5.61 5.98 6.45 4.48 3.41 1.34 3.2 7.33 4.97 4.19 5.39 4.74 5.34 3.63 5.58 4.69 8.41 6.88 4.13 4.4 5.57 7.01 7.67 7.11 7.35 6.43 6.02 7.65 1.96 6.26 3.38 8.46 2.63 3.95 2.82 5.64 4.31 7.01 5.59 8.07 4.43 4.85 4.19 7.88 4.72 5.96 4.05 4.47 6.29 6.09 2.87 4.39 4.95 1.88 4.76 7.49 5.71 6.3 -0.26 3.14 3.93 2.87
"81" 5.98 3.16 8.67 7.14 5.55 3.41 1.73 3.5 5.63 5.55 0.96 4.39 5.24 4.26 5.52 5.18 8.95 6.68 6.3 4.37 5.45 6 4.38 4.7 7.34 6.84 3.02 5.11 7.39 2.38 7.07 7.21 3.48 3.88 7.58 8.02 5.9 4.68 8.93 4.58 7.21 12.73 4.39 7.24 5.58 2.41 3.75 3.76 4.01 3.41 6.18 5.9 3.52 3.42 3.58 1.96 3.91 4.09 5.6 4.6 4.3 4.57 3.21 1.74 2.47 1.14 4.97 4.33 7.72 3.6 4.05 7.12 4.36 3.38 7.58
"82" 5 4.25 2.95 1.64 5 6.39 0.15 4.18 4.97 4.3 6.98 4.71 3.32 2.62 5.08 6.08 5.23 4.09 2.78 3.36 4.37 4.47 4.11 2.64 4.31 3.39 0.51 3.79 5.29 3.83 2.51 5.06 6.84 3.77 2.18 5.42 3.83 3.56 5.95 6.15 -0.86 5.09 3.82 5.56 8.7 4.25 5.54 6.81 6.64 5.16 10.2 3.26 2.61 7.02 4.58 5.85 3.69 2.91 4.8 4.54 6.03 6.94 4.05 3.03 4.35 5.63 5.69 3.86 3.3 4.06 3.78 4.96 4.98 7.37 5.59
"83" 4.87 3.61 5.12 7.3 4.27 7.78 4.9 3.19 2.97 4.61 1.3 3.66 2.98 4.04 5.7 8.16 5.94 7.17 2.13 3.61 2.33 3.55 5.16 5.36 3.05 4.04 2.31 4.49 4.65 2.66 5.7 3.82 6.73 1.32 4.57 5.57 8.03 4.44 4.87 6.46 5.45 2.06 5.3 2.44 4.48 4.34 6.52 4.77 3.53 5.08 3.94 8.05 5.77 4.67 7.34 7.9 6.35 6.13 0.06 6.11 2.48 2.55 8.29 3.27 5.68 5.27 6.84 8.71 4.81 7.18 1.47 7.78 4.2 7.96 5.78
"84" 7.36 2.44 5.92 3.74 7.06 4.59 6.82 4.17 9.06 5.83 9.64 4.43 7.77 7.91 3.93 3.5 6.6 5.44 5.17 6.14 3.13 6.57 4.61 2.61 6.94 5.8 6.57 7.27 5.9 5.64 6.31 6.06 6.1 5.6 6.19 5.42 5.62 4.09 4.55 4.86 4.73 4.87 4.55 10.16 7.24 7.69 7.23 7.67 6.79 6.2 6.91 2.96 5.21 4.42 4.75 3.76 3.97 8.02 3.32 7.18 6.64 1.93 5.75 6.25 2.34 4.34 8.52 5.35 6.2 6.48 3.25 6.42 7.85 2.15 4.23
"85" 1.19 7.48 7.78 2.53 3.13 7.22 7.84 3.78 4.16 2.27 3.78 5.94 5.01 2.8 8.37 3.55 6.06 4.31 2.66 3.6 4.6 2.36 6.32 5.05 3.85 7.13 5.08 2.21 7.13 9.28 7.48 1.78 4.68 1.73 3.41 7.57 0.89 6.99 2.14 5.76 3.11 4.83 4.37 9.8 3.96 7.67 5.16 4.45 3.58 1.99 4.07 3.73 5.41 2.28 4.1 6.88 4.15 5.2 6.47 4.91 5.34 2.1 4.22 1.64 8.12 6.5 3.04 3.84 4.06 8.31 7.9 5.06 6.31 4.57 4.59
"86" 2.88 2.01 3.65 5.08 7.92 6.29 9.42 0.93 2.69 4.48 5.33 7.64 3.08 4.67 4.68 6.12 8.95 4.42 5.93 2.7 6.64 5.13 2.41 5.1 3.03 4.44 6.25 6.86 4.23 7.92 4.76 2.05 3.29 4.57 4 5.42 5.29 2.65 3.78 6.34 8.15 1.9 3.06 4.05 7.18 7.7 2.46 6.84 3.41 3.79 7.6 0.55 4.69 5.24 4.45 6.69 8.04 4.69 1.26 4.9 5.23 6.18 6.59 4.68 5.12 6.11 1.41 5.77 5.73 4.31 2.78 7.14 2.25 4.58 6.59
"87" 4.61 8.84 5.75 5.84 0.2 8.04 3.19 2.34 6.43 6.81 3.7 6.81 3.41 2.13 6.92 5.88 6.35 5.51 2.26 3.82 2.81 3.87 4.57 0.73 6.53 4.57 4.8 5.77 10.11 3.83 3.59 7.06 9.57 5.8 3 7.96 7.35 2.19 5.48 4.68 3.83 3.9 5.54 4.07 5.64 2.92 5.8 4.15 0.94 4.77 6.25 3.08 4.71 4.55 6.31 5.05 5.82 6.66 2.37 5.39 5.49 6.8 4.72 4.82 4.38 5.81 1.55 4.94 1.72 3.95 5.57 2.53 4.69 3.07 3.04
"88" 7.11 3.86 3.22 5.01 5.1 3.63 6.37 5.74 3.92 7.07 6.83 3.54 5.64 7.68 6.6 4.12 5.65 6.56 5.05 8.68 4.91 6.14 7.17 5.9 8.5 5.2 5.73 3.91 3.49 4.91 4.39 8.34 1.66 5.78 4.05 3.53 7.38 8.04 4.15 6.36 5.53 4.55 3.12 5.25 3.58 4.41 4.36 3.48 4.18 8.47 8.3 4 3.17 5.38 3.08 2.6 7.27 3.73 3.01 4.89 7.67 4.11 5.16 3.36 4.06 5.67 4.34 0.95 4.86 2.95 7.25 7.2 6.32 3.99 -0.37
"89" 1.85 7.76 3.44 4.52 6.6 4.78 7.04 3.33 5.52 5.42 4.75 1.68 7.3 3.21 4.85 5.78 4.37 4.44 3.94 4.27 6 1.84 4.31 2 6.41 4.61 2.43 7.49 3.64 4.08 3.26 9.45 7.86 5.62 1.47 4.66 2.74 3.68 2.97 6.86 9.19 3.28 7.23 2.03 5.23 4.53 3.36 0.61 9.1 6.59 7.08 4.16 4.7 5.8 7.2 4.98 1.06 5.14 4 3.7 5.74 5.04 2.12 5.89 3.51 5.69 4.57 3.15 4.03 6.12 2.93 6.38 5.38 3 5.93
"90" 6.15 5.73 6.76 5.63 3.56 9.52 7.32 2.97 5.39 4.2 3.77 7.13 3.66 4.63 4.53 6.76 3.47 1.51 5.83 6.14 4.64 5.83 4.88 5.24 5.45 5.67 6.03 4.96 5.22 1.74 3.54 7.12 4.55 3.25 7.39 1.33 7.51 6.67 4.66 3.59 4.61 2.98 5.41 2.31 6.31 5.26 6.91 6.74 5.14 11.37 5.26 3.62 5.25 4.25 4.1 4.36 5.69 4.05 5.95 5.32 7.19 3.5 7.62 4.83 9.02 4.46 7.73 9 3.92 6.19 6.45 8.76 5.02 6.67 5.49
"91" 2.89 5.39 2.92 3.89 8.02 4.8 4.42 3.98 5.67 2.35 3.51 5.57 7.28 5.93 4.51 2.87 1.75 5.26 3.6 5.54 4.61 7.12 6.38 5.54 3.17 3.72 6.73 5.37 3.36 5.32 4.26 3.98 8.67 1.96 4.3 7.45 5.28 6.05 2.52 10.39 6.98 4.79 1.39 1.47 5.59 7.69 6.31 9.16 3.81 8.24 3.61 2.99 6.59 6.03 4.85 8.3 3.85 0.48 7.67 8.29 4.21 5 4.15 1.02 2.86 6.66 4.86 8.81 3.95 6.38 6.27 7.52 7.42 3.68 5.57
"92" 2.75 1.43 9.62 6.31 6.23 3.2 5.03 5.51 4.03 8.03 7.92 2.73 1.81 10.01 3.53 5.95 1.83 4.88 2.72 7.61 4.09 3.63 7.02 0.52 3.15 5.74 4.22 3.91 6.28 5.38 2.89 2.26 3.63 3.77 4.8 5.91 1.29 4.08 2.44 3.64 8.49 5.19 5.78 5.32 5.02 6.85 6.94 0.24 5.92 4.76 -2.36 3.67 7.15 7.82 4.27 4.39 7.86 6 4.28 5.44 3.28 7.31 5.92 2.59 6.34 4.62 7.8 6.41 5.62 1.88 7.69 4.77 7.07 5.32 6.39
"93" 9.31 2.64 2.14 1.07 4.92 2.21 7.64 6.2 6.17 4.17 6.58 3.48 3.47 5.85 5.37 8.43 1.89 5.7 6.51 3.18 4.3 7.75 5.32 4.74 5.89 4.15 4.29 3.11 2.59 3.77 8.71 5.11 3.21 8.09 3.77 4.62 2.7 4.59 4.66 5.67 7.4 2.12 2.31 3.91 3.44 5.47 6.76 4.56 4.92 4.05 4.7 7.98 5.49 6.14 7.42 4.17 6.82 5.65 3.75 3.78 4.55 -0.25 5.94 3 5.71 6.68 5.07 1.4 6 6.18 5.39 5.17 7.39 1.27 6.36
"94" 3.88 6.64 5.5 3.41 -0.12 4.69 2.09 -0.01 6.13 3.78 4.36 3.99 4.17 4.94 5.18 6.09 5.09 7.31 3.49 8.56 2.08 6.95 7.71 3.88 5.41 5.78 6.61 3.69 6.39 3.48 4.14 3.39 8.7 5.31 4.57 4.9 5.42 6.55 5.49 4.26 3.17 5.36 3.44 4.65 3.61 4.92 4.53 9.48 7.45 9.05 6.64 5.76 3.21 5.69 5.98 1.33 5.24 5.79 1.91 5.07 4.89 4.79 7.04 6.62 6.33 4.49 5.58 6.74 6.59 3.36 5.03 6.18 3.19 3.71 2.56
