"V1" "V2" "V3" "V4" "V5" "V6" "V7" "V8" "V9" "V10" "V11" "V12" "V13" "V14" "V15" "V16" "V17" "V18" "V19" "V20" "V21" "V22" "V23" "V24" "V25" "V26" "V27" "V28" "V29" "V30" "V31" "V32" "V33" "V34" "V35" "V36" "V37" "V38" "V39" "V40" "V41" "V42" "V43" "V44" "V45" "V46" "V47" "V48" "V49" "V50" "V51" "V52" "V53" "V54" "V55" "V56" "V57" "V58" "V59" "V60" "V61" "V62" "V63" "V64" "V65" "V66" "V67" "V68" "V69" "V70" "V71" "V72" "V73" "V74" "V75" "V76" "V77" "V78" "V79" "V80" "V81" "V82" "V83" "V84" "V85" "V86" "V87" "V88" "V89"
"1" 3.03 7.69 6.59 9.08 2.07 4.15 5.8 3.69 6.6 1.13 6.6 6.94 4.49 4.06 5.23 4.1 5.42 8.62 6.09 6.5 5.29 5.81 4.99 5.42 6.54 7.06 4.64 6.05 5.99 7.9 2.37 4.11 11.3 4.85 4.18 2.32 4.63 3.31 1.25 5.31 4.2 5.58 -0.11 1.69 5.47 4.33 2.71 4.02 7.74 2.27 5.96 6.64 5.28 4.05 6.4 4.99 3.33 4.48 3.94 11.05 4.67 4.24 6.73 6.31 3.52 5.4 7.35 5.38 4.22 7.91 3.27 8.2 3.91 3.99 7.36 5.98 7.15 7.3 8.28 5.02 6.65 7.18 5.14 2.71 5.7 7.21 2.19 3.69 9.66
"2" 3.4 4.93 7.46 4.64 2.47 4.89 5.18 4.53 5.53 3.87 5.13 9.66 8.51 6.27 1.74 7.71 1.06 2.77 3.61 5.26 4.4 4.08 1.78 4.31 -0.45 5.79 5.45 5.42 2.99 5.48 5.98 1.89 8.86 4.07 3.81 5.46 6.2 3.22 3.62 2.29 6.04 4.34 3.4 5.18 5.27 3.86 6.41 4.18 6.23 4.5 5.96 3.89 5.55 8.42 1.95 4.93 2.75 7.55 3.33 2.79 5.3 6.83 4.09 7.09 6.79 2.97 6.83 6.7 8.5 6.38 5.61 5.32 6.08 7.55 4.89 6.15 6.58 7.21 3.58 3.42 3.72 10.02 7.09 2.24 3.75 6.05 1.93 4.16 3.18
"3" 6.55 2.17 4.07 7.54 8.13 3.96 4 3.85 5.95 4.74 3.33 5.02 3.7 3.28 4.76 6.77 4.37 3.69 6.5 2.83 1.64 4.8 5 6.92 3.39 6.28 5.38 3.88 7.06 6.32 3.83 5.18 6.19 7.12 2.86 5.27 7.47 3.34 3.82 4.97 -0.99 5.9 7.56 5.11 5 5.86 2.66 6.84 8.37 3.35 5.14 6.63 5.02 6.94 2.08 1.68 8.09 7.36 5.21 6.31 4.89 6.07 8.07 7.57 4.91 3.25 3.99 3.93 3.88 7.95 2.16 3.83 3.29 3.68 5.81 5.22 4 3.53 6.72 3.95 4.01 2.82 4.31 -0.26 4.35 2.53 3.21 1.43 4.8
"4" 5.24 0.95 4.15 1.5 5.4 6.36 6.89 5.25 3.28 5.17 3.33 1.88 8.36 2.61 1.02 5.72 1.32 2.1 6.02 5.9 4.38 5.9 6.98 1.67 4.71 4.51 5.46 4.26 7.05 2.12 3.27 5.96 5.06 1.45 2.95 3.81 3.9 4.05 4.23 4.63 5.71 5.25 5.4 4.37 7.17 6.41 4.13 1.89 5.08 9.53 4.9 4.31 1.6 4.35 6.53 6.98 5.49 4.79 7.53 3.71 6.39 3.36 5.86 3.11 5.33 5.04 4.36 6.56 6.02 7.32 6.84 7.2 3.72 6.11 6.62 5.34 7.93 3.37 3.71 2.88 4.13 5.87 6.24 6.9 3.67 6.22 5.8 4.62 6.54
"5" 7.09 6.79 5.35 6.35 3.49 4.51 5.09 4.75 4.76 5.05 5.92 4.56 3.72 6.28 4.37 3.95 6.85 5.02 6.05 5.26 7.38 1.97 7.7 5.2 7.62 5.89 0.82 4.86 5.99 3.86 3.51 4.72 7.09 3 10.13 4.57 6.04 4.71 4.34 5.01 5.18 9.1 3.11 4.35 2.87 8.18 4.35 5.16 9.59 4.19 3.29 5 4.18 4.56 5.04 3.66 1.14 6.01 2.91 6.68 3.73 4.17 7.49 2.32 6 5.62 1.54 3.92 1.07 5.95 5.97 3.02 2.45 4.76 4.15 7.99 7.84 5.78 6.86 3.22 2.99 6.27 1.99 5.19 5.26 3.4 2.37 8.75 6.67
"6" 5.98 5.51 3.4 7.39 1.42 2.35 2.79 6.52 5.07 7.84 5.05 2.69 4.6 6.57 3.9 5.91 2.41 5.52 6.35 4.53 8.24 4.88 2.89 5.53 6.14 4.05 1.71 6.93 4.37 4.85 10.55 7.84 3.66 1.16 7.37 2.97 3.5 3.55 6.59 5.66 0.77 5.08 7.18 7.84 7.15 2.86 4.47 5.97 10.1 4.49 1.41 3.56 5.43 5.42 6.32 5.62 3.85 3.6 5.62 3.69 5.35 6.31 6.86 6.24 6.69 5.61 6.48 6.96 5.97 6.22 5.02 9.02 4.72 2.47 5.78 6.8 7.33 0.01 4.22 -0.4 6.94 2.36 3.59 5.52 3.65 6.14 7.12 5.52 6.21
"7" 2.54 7.37 6.59 3.77 4.51 7.15 6.17 6.15 7.18 3.86 7.88 5.24 5.68 -0.21 4.82 6.04 3.39 4.74 4.18 4.85 0.49 5.33 9.63 3.02 2.02 2.96 7.77 6.73 4.35 5.62 6.7 3.23 3.28 5.34 5.47 3.41 7.06 3.94 4.53 3.59 5.22 6 5.07 2.17 4.53 5.71 3.23 7 6.97 6.32 3.38 2.26 7.96 5.07 5.47 3.44 1.08 5.3 6.16 2.27 5.04 6.79 5.7 4.26 6.01 4.57 9.3 6.41 4.15 3.93 6.16 4.85 1.3 4.36 4.19 6.95 3.83 6.59 2.98 4.47 5.24 -0.34 6.98 7.15 8.31 3.64 3.64 2.85 6.42
"8" 3.32 2.46 7.68 5.18 1.83 7.15 5.46 2.94 3.79 5.21 5.77 7.02 7.09 5.83 3.79 2.2 4.35 5.04 4.86 0.43 0.25 4.54 7.37 4.55 3.06 1.87 8.85 3.59 3.32 3.64 8.13 9.14 6.08 6.11 5.1 6.03 7.17 5.54 5.01 4.82 7.08 6.98 5.72 6.36 3.29 4.61 8.26 4.21 3.55 2.19 2.34 3.86 7.25 5.58 5.94 2.68 6.5 6.31 3.41 4.65 3.87 5.23 7.6 1.99 4.87 6.26 8.32 2.63 4.2 7.26 5.59 12.16 7.12 8.68 5 2.63 5.48 4.97 2.12 4.12 5.6 1.08 6.91 4.84 3.84 5.85 7.66 6.3 3.35
"9" 4.36 3.41 6 0.65 8 2.66 5.06 5.68 1.42 3.28 5.73 4.34 7.23 7.44 4.13 5.36 0.76 6.25 6.94 4.53 4.8 4.3 6.62 6.53 5.09 4.87 5.39 6.01 6.74 8.15 4.38 6.28 5.57 2.47 5.56 2.65 5.57 5.8 3.13 5.34 4.43 1.96 4.7 6.78 3.69 3.87 2.51 4.83 3.39 3.01 7.81 4.63 6.1 6.04 4.36 6.41 7.32 4.54 5.48 10.25 4.47 5.03 1.29 6.52 7.2 7.71 5.94 6.76 4.67 8.03 4.64 5.76 5.02 5.1 3.51 7.23 3.69 5.59 7.4 4.67 4.75 4.16 5.42 6.76 3.53 3.73 5.08 2.58 2.53
"10" 7.79 3.61 2.66 1.99 6.05 6.77 4.59 4.34 6.08 5.84 8.48 4 5.56 1.81 7.39 5.79 6.61 5.71 5.02 6.16 5.88 7.26 5.28 3.42 6.39 4.9 7.02 5.79 2.32 8.76 3.43 3.06 1.8 4.77 7.88 3.68 6.36 6.2 7.03 7.77 6.04 5.45 6.77 5.57 3.12 3.93 4.39 5.88 3.28 6.17 6.86 4.35 5.04 1.18 4.6 3.87 6.64 3.47 3.98 7.99 9.22 6.6 7.86 3.82 5.31 3.58 9.86 6.67 5.28 4.36 0.74 9.53 4.2 4.38 4.23 1.73 4.99 4.31 4.18 4.3 7.24 5.32 1.65 4.8 2.29 6.21 5.98 6.03 3.84
"11" 5.46 3.29 4.66 4.66 6.06 0.5 5.13 8.62 4.95 2.64 3.04 3.39 7.06 4.47 6.77 4.35 6.69 1.87 5.81 3.23 3.43 3.53 2.64 6.47 7.42 5.8 6.83 4.27 6.39 2.77 3.79 6.73 7.87 2.59 3.37 5 2.76 1.92 4.01 6.4 6.56 2.38 3.03 6.43 4.94 2.47 3.55 1.33 5.47 4.21 3.24 6.27 4.87 7.61 6.32 -0.95 6.93 4.93 5.15 4.15 5.83 5.85 3.85 4.01 4.45 4.52 5.9 3.14 4.3 4.41 1.96 7.43 0.75 4.37 5.59 7.81 4.43 7.66 1.32 5.02 7.36 7.31 1.68 4.65 5.5 5.17 3.96 4.91 4.38
"12" 3.24 7.1 7.51 2.92 2.92 7.59 5.11 4.31 3.71 6.29 7.65 3.27 4.25 6.65 4.18 4.91 4.27 5.98 4.2 5.67 3.98 5.35 8.05 3.85 6 4.97 7.41 4.12 3.02 4.21 9.3 2.9 5.89 2.27 3.11 5.86 4.12 3.57 2.61 3.25 4.76 0.28 3.92 8.31 5.61 3.31 8.36 4.86 6.63 4.04 6.88 7.39 9.23 6.81 3.76 4.84 7.44 4.54 5.45 7.48 3.65 4.25 7.08 3.68 3.42 7.5 5.46 4.38 9.22 4.53 3.95 4.23 2.54 3.57 5.73 6.34 3.86 6.27 7.49 4.23 7.44 4.57 5.95 6.26 7.16 3.61 8.37 3.15 5.69
"13" 6.25 4.1 1.77 5.75 5.51 6.25 5.57 3.07 4.48 8.76 7.06 8.18 5.94 2.67 3.14 4.63 2.01 3.27 5.53 4.89 5.61 3.44 3.31 8.33 3.79 4.73 3.78 0.67 5.87 5.14 4.09 4.73 2.64 7.92 4.04 4.91 7.29 6.63 5.21 4.08 6.26 3.71 6.95 4.3 3.19 5.85 4.95 6.14 4.54 6.67 4.49 3.95 3.18 6.22 4.9 9 6.43 6.15 6.73 7.26 2.57 3.18 0.8 6.84 6.58 7.2 3.71 5.33 7.55 5.21 4.82 5.26 8.81 5.34 2.85 5.76 6.9 5.07 3.99 5.59 3.5 3.1 3.5 6.47 3.8 3.14 5.07 6.89 5.62
"14" 6.35 6.05 3.81 1.56 6.4 5.03 4.94 4.81 3.53 4.49 6.73 5.31 5.73 5.92 6.41 5.46 1.57 2.99 3.95 3.12 5.7 2.61 2.83 4.33 5.74 5.98 6.02 3.85 7.72 2.57 8.14 5.42 6.88 3 3.33 5.9 8.12 4.56 5.16 4.15 3.96 4.16 4.28 1.88 7.09 -1.04 3.5 4.48 8.39 0.69 5.78 9.47 3.02 9.41 -1.51 4.06 5.62 6.55 4.89 5.83 2.39 2.16 5.86 4.58 6.08 4.66 3.79 1.14 1.85 2.32 9.84 5.76 4.6 2.76 5.3 2.53 1.29 6.41 3.51 9.28 2.75 7.71 2.14 3.35 5.71 8.52 6.38 4.78 3.5
"15" 8.3 5.17 5.23 6.29 7.12 1.08 7.46 1.48 8.96 6.4 2.89 6.45 6.08 7.27 4.43 4.99 4.37 0.92 7.45 4.84 3.95 1.38 5.29 6.85 4.11 8 2.79 4.85 6.99 5.36 4.07 7.38 6.92 3.98 3.42 3.71 4.51 5.6 5.26 5.42 3.1 4.84 6.94 7.94 4.45 3.62 4.17 5.21 7.66 0.9 4.11 5.61 8.51 2.07 4.85 3.34 4.06 5.98 6.65 5.01 7.38 3.93 4.33 6.86 2.82 3.31 3.68 0.6 3.34 5.94 6.46 3.57 5.65 6.38 7.74 5.07 4.11 7.21 4.95 7.75 6.25 1.67 3.26 2.26 2.32 5.79 4.8 4.59 5.91
"16" 4.82 3.42 7.68 5.58 4.9 2.32 5.77 4.81 5.99 5.33 1.91 7.89 6.5 7.23 2.9 3.49 2.01 3.28 1.93 5.65 7.13 6.76 6.85 8.38 3.78 4.88 3.83 5.7 4.9 4.31 5.14 1.92 5.24 3.7 3.74 5.2 3.43 5.35 7.85 2.78 5.41 6.69 5.51 4.47 3.99 6.51 1.84 6.09 6 5.77 4.37 5.06 5.38 5.41 5.67 4.87 4.6 9.43 4.6 9.5 9.25 6.46 3.41 5.81 6.05 4.56 0.9 4.72 8.46 4.65 5.43 3.63 3.22 3.04 4.76 4.85 4.98 6.68 8.46 3.13 5.05 5.7 5.47 5.55 5.17 6.36 5.06 7.45 5.11
"17" 2.44 4.55 11.2 4.3 4.54 8 2.49 5.31 7.31 -0.13 7.52 4.69 6.12 4.49 5.1 5.76 2.66 4.62 5.19 3.56 5.17 3.64 1.44 6.99 8.27 6.74 6.87 6.43 5.76 3.42 3.05 3.48 5.69 3.66 0.25 6.26 5.9 12.53 6.57 4.13 4.15 2.64 5.86 3.94 5.83 5.78 2.48 6.19 4.57 5.85 4.39 3.86 4.39 0.18 3.32 4.12 4.17 4.94 4.52 6.32 3.14 3.78 4.4 5.4 3.9 3.16 4.72 5.93 4.68 5.78 9.41 6.05 0.46 2.84 2.3 6.65 3.29 4.53 1.42 6.1 6.45 3.98 3.58 4.82 4.47 1.82 3.02 3.16 4.33
"18" 2.96 4.95 6.36 6.15 6 2.48 1.36 4.33 2.13 3.51 5.65 3.98 6.75 4.22 4.09 6.98 5.34 7.36 9.27 2.5 3.52 3.24 5.97 6.73 4.1 4.27 3.64 6.97 0.89 8.5 4.3 3.04 8.17 6.65 6.24 5.61 2.01 3.89 8.27 3.06 3.09 5.17 3.04 4.27 4.55 3.67 5.41 3.83 3.73 2.71 4.7 3.31 2.97 3.41 7.81 6.9 5.12 3.13 4.32 2.3 2.69 3.81 6 5.17 5.65 3.98 7.33 0.93 3.76 6.45 1.05 3.9 6.82 7.5 5.98 4.8 1.22 6.06 2.03 6.49 7.18 8.44 3.48 3.56 9.06 7.04 5.55 7.32 7.85
"19" 4.58 5.18 4.94 9.42 4.73 3.57 6.43 5.58 4.93 8.58 5.48 5.29 5.07 2.34 6.16 5.77 6.28 4.44 7.47 2.07 0.89 2.59 2.35 6.46 6.16 6.09 7.56 2.21 3.95 6.19 6.5 7.35 2.45 1.14 5.09 3.39 5.43 5.35 1.69 5.25 5.53 3.12 5.1 7 5.55 6.91 5.54 6.44 3.05 5.83 3.81 6.25 2.37 3.15 6.58 7.55 3.89 6.13 6.01 6.6 0.91 4.65 4.14 4.3 1.55 2.87 6.57 4.49 7.68 4.98 5.7 2.99 6.46 1.09 7.42 -1.7 5.03 2.91 2.44 5.55 7.82 4.14 3.94 4.37 7.68 1.95 8.35 6.85 6
"20" 8.75 6.33 5.26 5.04 5.01 4.47 5.2 5.1 2.54 4.07 7.25 7.91 1.94 5.56 8.59 7.86 3.1 4.94 6.86 4.22 4 4.25 2.82 4.47 5.61 6.4 3.1 2.83 4.7 3.47 2.31 -0.02 4.3 5.77 5.39 4.01 5.18 7.77 5.82 5.12 5.71 7.07 3.77 3.91 6.43 3.67 8.83 0.78 6.3 6.54 5.94 6.63 2.74 4.41 5.37 0.85 4.06 4.5 6.7 4.33 5.2 7.01 3.22 7.63 3.77 6.93 6.03 5.16 6.27 2.9 3.31 7.4 3.79 5.49 5.07 3.13 5.97 5.31 4.73 8.25 4.76 3.66 1.5 7.43 7.16 5.05 2.02 3.43 7.11
"21" 9.96 -0.2 6.63 6.72 6.21 6.14 1.63 5.17 4.22 6.73 3.02 6.27 4.06 3.25 2.23 8.42 3.98 5.43 3.1 3.58 6.43 3.12 2.98 3.99 5.57 2.49 5.73 5.58 7.3 6.07 4.89 8.27 7.41 4.47 5.04 3.16 4.23 3.79 6.38 4.44 3.91 1.51 6.72 4.56 4.14 4.17 7.88 2.23 6.04 7.09 5.95 3.82 2.27 6.46 5.59 1.67 7.04 5.95 2.6 5.41 10.39 5.6 3.64 6.67 4.71 1.84 5.6 1.98 2.15 7.83 4.62 1.01 3.82 2.36 2.47 7.46 3.43 1.51 10.82 6.18 4.24 4.34 3.35 3.59 5.75 2.57 1.57 7.26 4.75
"22" 4.15 4.71 7.7 7.39 7.43 5.6 3.53 3.11 7.62 6.33 6.2 5.77 6.89 6.73 5.23 1.82 6.03 4.19 8.93 1.96 3.16 6.51 5.17 7.55 7.75 4.94 0.76 3.92 4.21 2.28 6.26 5.66 5.48 7.74 3.2 6.35 6.92 5.76 4.48 5.61 4.7 2.07 3.02 3.4 4.9 7.26 3 5.73 2.97 8.26 4 5.35 6.97 3.5 5.87 9.64 4.76 4.89 7.63 5.61 3.22 1.38 4.45 7.31 4.21 3.88 5.87 4.25 2.03 5.22 2.32 4.52 2.97 5.55 7.49 2.37 5.56 5.4 6.83 3.83 7.26 3.28 6.26 3.46 3.08 3.71 4.62 4.38 4.37
"23" 4.53 2.5 5.59 4.97 4.15 7.81 3.04 6.48 2.44 5.15 2.02 3.36 4.13 5.66 5.23 5.9 3.16 3.14 8.54 4.91 3.57 8.67 5.55 4.41 6.74 6.82 5.83 2.81 8.46 4.43 4.88 8.74 5.93 4.39 7.08 6 6.24 5.64 3.45 3.45 9.2 7.84 6.48 5.47 3.93 6.57 5.47 7.13 8.15 2.84 4.15 6.15 1.3 6.12 6 4.37 2.8 3.3 4.65 5.21 5.64 4.83 5.86 -0.13 7.3 6.04 8.26 5.65 8.92 4.5 4.13 6.53 4.92 4.93 7.97 2.39 4.34 3.27 5.37 3.08 5.4 3.31 8.66 3.22 5.98 3.56 6.03 3.59 6.59
"24" 3.27 3.17 3.93 2.77 6.86 5.04 5.85 5.75 5.59 6.91 4.28 5.28 5.58 5.67 5.71 4.68 6.86 4 4.25 6.77 1.55 5.2 2.88 6.94 5.7 6.54 4.86 4.92 0.46 6.96 5.16 4.46 6.22 6.28 8.53 1.52 2.91 7.36 3.44 2.99 3.4 4.84 5.36 6.55 1.91 10.68 5.37 8.21 5.51 9.19 4.68 3.25 5.79 3.92 1.52 0.16 9.35 3.42 2.81 6.89 8.18 1.95 2.76 7.62 6.36 6.83 2.45 4.4 3.65 8.31 4.71 5.76 3.79 8.24 6.22 5.56 4.36 6.02 6.18 4.93 6.31 9.95 3.84 4.62 1.44 4.38 3.01 6.42 5.08
"25" 6.55 4.77 6.21 2.1 3.45 2.53 4.31 4.57 3.12 5.2 5.55 4.85 6.11 5.94 6.79 8.52 4.51 1.53 4.91 1 5.53 3.88 6.08 8.04 3.23 4.84 5.72 2.28 2.18 4.15 5.58 6.9 5.2 3.58 8.19 4.6 4.53 2.49 4.91 4.87 5.74 5.8 2.82 7.89 6.89 9.19 3.6 4.51 7.11 6.58 8.97 8.62 8.75 7.31 6.51 3.6 6.98 5.44 8.78 4.45 5.87 4.88 3.85 6.2 3.01 3.6 3.07 6.52 3.07 4.58 7.88 4.43 4.85 5.47 5.97 2.09 10.53 3.85 1.88 5.64 5.32 9 4.22 7.43 4.23 5.35 5.15 0.6 4.69
"26" 4.82 10.54 7.09 6.63 3.73 9.6 4.4 7.14 8.05 2.31 2.12 3.49 5.61 4.43 8.01 0.61 5.21 4.36 3.99 2.43 4.35 5.08 5.43 7.16 1.96 4.35 5.65 6.04 7.86 7.06 2.88 7.12 6.87 3.8 2.28 4.08 4.6 7.63 3.88 2.06 5.02 3.06 5.57 2.85 6.39 3.93 4.96 3.7 5.78 8.07 6.84 3.51 4.87 6.3 2.9 5.95 3.61 5.81 4.36 7.08 6.12 2.46 5.76 3.93 0.78 7.09 4.22 5.61 6.56 2.81 2.81 4.93 2.77 5.28 5.22 6.97 3.59 5.24 6.22 5.56 4.98 6.22 5.81 5.28 4.2 6.31 5.11 2.34 7.04
"27" 7.08 5.34 2.93 4.03 1.19 5.62 2.57 2.02 3.7 4.31 1.44 4.09 4.29 7.09 4.2 6.37 2.05 6.26 4.34 3.38 4.61 6.56 4.69 9.29 5.12 4.76 6.87 4.4 6.71 2.05 5.87 5.73 5.98 5.52 2.37 8.15 3.62 2.62 4.42 1.92 3.23 4.91 4.73 5.62 3.59 4.24 3.48 4.16 2.67 4.36 4.45 7.46 3 2.24 7.16 4.1 4.78 9.17 8.3 3.74 4.48 5.99 4.03 2.88 4.05 1.45 2.95 4.66 5.28 3.71 3.6 4.94 1.59 4.09 3.14 3.19 3.83 6.71 4.55 3.39 5.68 6.92 5.59 2.9 7.09 4.88 5.1 7.6 4.03
"28" 4.19 6.21 4.59 2.57 2.84 3.47 5.04 5.57 8.43 6.24 6.9 6.56 3.32 8.19 5.22 6.29 9.3 4.51 5.35 5.71 3.17 4.06 2.24 3.26 4.64 6.18 5.38 2.5 5.63 4.81 7.03 4.93 3.47 1.11 5.25 9.22 2.44 10.01 3.75 5.67 3.91 3.82 6.61 6.87 1.6 8.11 3.02 7 4.65 7.43 2.17 3.36 4.27 -0.13 4.56 7.53 5.17 7.01 7.86 7.7 6.44 3.19 3.09 4.84 1.26 2.26 2.73 6.94 3.59 6.46 7.1 2.5 7.04 3.23 4.43 8.8 3.03 5.72 5.1 3.98 6.45 9.03 5 5.38 6.74 3.67 6.7 1.48 6.1
"29" 8.02 8.69 5.8 4.72 4.94 2.81 3.38 4.78 7.71 5.5 4.56 7.07 5.91 10.43 0.23 4.65 4.04 0.78 6.88 3.57 2.94 4.47 4.41 3.55 6.38 2.87 7.29 7.85 5.31 5.44 2.27 3.66 8.32 5.65 8.43 5.04 4.18 3.94 4.57 6.35 6.13 6.67 2.98 4 8.39 3.47 6.26 3.43 7.01 5.96 5.23 6.02 5.81 6.62 5.18 5.94 3.01 4.78 2.96 7.07 2.64 -0.28 8.22 8.63 2.2 1.9 5.82 5.81 1.85 6.76 3.68 4.15 6.58 4.28 5.67 5.26 5.83 7.46 4.93 5.43 8.13 5 4.46 7.4 2.61 0.31 5.48 4.69 3.52
"30" 3.19 6.4 2.52 4.02 6.87 2.85 4.4 4.45 9 6.16 6.18 3.58 7.11 4.41 4.48 3.09 1.9 4.38 3.51 4.63 2.95 6.96 5.24 4.68 5.62 4.98 6.88 5.34 4.85 1.49 6.63 2.24 5.73 5.6 5.51 3.8 7.38 5 2.56 4.89 4.16 5.3 2.02 2.41 4.85 8.07 2.98 4.19 5.35 5.52 9.95 2.76 3.14 2.52 7.48 5.01 3.91 4.69 7.73 6.85 7.06 7.33 4.34 4.99 2.44 5.26 4.05 0.85 6.41 6.08 7.68 3.81 4.71 5.7 2.54 4.48 7.26 8.28 3.88 3.06 2.98 4.41 5.32 4.21 7.08 3.28 10.17 3.08 2.5
"31" 2.08 3.82 4.37 3.42 3.48 4.97 9.82 5.48 8.71 5.15 5.94 1.5 2.49 5.45 4.66 5.45 4.6 3.07 4.58 3.96 6.78 5.39 4.97 5.29 7.65 6.81 6.86 5.72 3.64 5.28 2.68 5.23 8.66 4.16 6.51 6.93 7.28 3.24 4.17 7.84 3.01 2.47 4.93 4.68 4.65 7.12 7.08 5.02 3.94 4.16 7.52 7.96 5.13 7.23 6.8 3.96 7.06 5.7 4.95 5.46 9.73 7.67 4.76 4.79 5.49 7.44 7.29 9.48 7.07 8.34 6.61 5.08 7.35 6.54 5.01 4.91 8.3 2.38 2.82 2.78 1.56 6.56 5.34 5.24 5.78 3.05 3.55 5.69 2.94
"32" 7.34 4.15 5.67 4.76 7.05 6.21 5.14 4.46 6.44 8.89 3.5 2.82 6.4 4.22 4.31 6.59 9.24 4.25 6.01 2.66 5.16 2.39 3.72 6.53 6.16 4.25 6.51 6 3.56 6.34 4.85 3.89 6.1 3.71 6.22 6.72 7.65 7.42 4.17 4.49 4.42 6.85 3.98 3.66 2.67 6.46 6.62 8.4 3.78 4.92 5.94 5.15 7.32 4.83 -1.11 6.15 8.11 6.17 8.27 6.24 3.77 5.89 6.59 4.23 5.92 5.14 4.49 5.95 5.83 2.21 4.29 5.73 6.51 5.25 6.3 5.36 5.16 3.22 5.78 2.35 6.36 6.54 3.24 1.35 8.03 2.67 3.05 1.45 3.72
"33" 3.05 3.75 8.27 2.72 8.54 2.16 7.69 5.38 4.91 4.13 6.96 4.08 5.45 5.92 6.22 3.56 4.99 5.48 6.44 5.91 5.73 4.64 3.76 3.62 2.74 4.02 9.81 3.69 1.18 2.34 7.48 6.04 6.87 3.82 7.09 3.04 2.63 5.59 5.66 5.87 6.97 6.54 5.68 5.51 6.47 4.4 6 3.47 10.54 4.91 0.99 3.83 3.41 1.69 3.77 8.78 3.94 4.78 9.1 7.94 2.01 4.21 8.25 6.94 8.95 5.89 5.47 4.59 5.63 5.11 6.84 8.36 3.45 4.08 5.28 3.6 5.03 5.11 4.38 6.11 4.51 7.71 2.51 5.89 4.67 4.03 3.31 1.62 6.54
"34" 3.07 3.53 4.13 3.26 4.71 3.75 6.05 9.43 2.27 3.62 5.48 6.96 4.69 6.3 7.6 2.16 8.5 5.73 5.93 4.83 5.64 5.32 5.02 3.82 5.84 5.99 7.25 6.31 4.2 5.1 6.57 5.49 3.62 7.02 4.79 5.17 7.01 5.93 6.75 6.58 5.41 4.13 3.58 3.15 2.45 6.91 5.09 6.29 1.68 2.27 0.34 4.93 4.67 6.46 5 3.55 6.77 5.07 5.84 7.05 8.41 4.39 2.41 5.72 6.31 6.55 5.45 2.83 5.03 3.74 6.2 6.73 4.01 4.2 6.27 4.39 4.4 5.1 3.81 3.38 4.05 5.8 6.7 4.52 3.95 5.29 5.89 4.11 5.83
"35" 7.96 5.66 7.44 4.98 1.52 1.14 6.86 2.58 5.53 6.31 2.55 5.76 4.87 2.44 8.95 5.46 6.8 4.02 5.04 8.46 4.55 1.42 2.01 3.34 4.05 7.42 6.72 5.54 1.62 3.71 4.73 9.57 1.05 6.01 3.93 6.59 6.08 2.59 9.08 4.88 6.04 6.94 2.45 6.63 1.71 3.04 -0.05 2.21 2.91 2.16 7.44 5.09 5.23 4.29 7.11 6.27 0.88 4.58 5.4 3.61 4.85 5.06 6.15 7.15 5.64 6.12 8.26 5.98 6.77 4.1 4.49 1.52 3.05 4.37 3.45 6.75 6.46 3.4 4.87 3.9 3.7 3.81 7.25 0.99 5.47 3.84 5.47 3.93 -0.26
"36" 2.95 5.11 8.01 8.46 6.75 4.13 6.62 3.84 4.55 7.57 3.45 5.99 4.86 6.31 4.42 6.08 7.15 6.34 2.75 3.9 5.41 6.32 2.83 6.11 6.71 4.65 4.66 3.61 3.47 6.95 5.03 4.72 8.38 4.23 2.53 1.33 3.69 8.97 4.94 8.08 5.19 4.81 6.05 2.1 5.11 5.85 5.67 5.26 4.29 6.43 8.23 2.64 4.95 3.06 6.94 2.99 5.62 5.47 4.17 3.64 2.75 4.21 3.03 4.47 4.82 6.12 2.78 4.3 9.28 3.72 3.44 5.22 2.7 0.18 3.23 5.73 8.12 3.1 5.7 4.25 5.87 0.78 3.11 2.23 5.8 2.78 4.86 4.91 3.37
"37" 6.23 2.16 2.66 5.81 2.98 3.26 5.68 6.23 3.04 6.02 6.62 5.41 6.99 4.25 4.95 2.81 2.8 2.16 3.64 4.81 4.57 3.73 -0.37 7.62 3.07 3.96 6.67 6.37 5.22 3.65 5.3 7.08 -0.47 6.1 6.18 6.23 4.74 7.89 1.86 0.11 5.76 9.17 3.59 4.99 0.19 5.6 5.3 6.73 5.22 4.22 6.4 7.47 4.65 7.09 6.84 6.4 3.06 3.5 5.22 7.51 5.94 4.35 7.56 5.33 3.02 4.79 6.43 5.97 0.13 8.9 5.55 2.99 2.33 3.52 3.6 7.87 5.94 2.03 4.37 6.63 6.27 6.78 3.87 2.77 5.86 3.69 6.13 5.49 5.94
"38" 6.24 6.4 2.22 2.67 2.28 4.54 4.33 9.46 5.64 3.73 8.54 4.09 6 4.25 7.89 5.9 1.36 7.38 3.25 2.86 5.28 3.42 6.17 1.18 8.41 7.03 2.43 3.8 4.33 5.12 6.01 4.74 2.77 5.68 2.11 5.57 5.76 3.43 2.87 5 9.58 6.12 4.28 -0.07 4.33 4.46 5.91 6.64 4.84 7.74 4.77 3.46 3.37 5.07 3.99 1.8 3.23 4.04 5.88 5.42 4.62 1.29 1.52 5.9 5.43 5.85 -0.5 7.75 4.72 5.74 2.53 7.93 7.91 2.28 2.27 3.98 2.23 7.88 2.98 6.29 6.97 4.84 2.69 4.6 4.68 7.62 1.54 8 0.26
"39" 2.81 5.38 6.7 6.31 4.94 3.85 5.33 8.2 3.59 0.33 3.59 7.24 5.87 3.97 6.58 3.81 6.99 6.3 6.36 6.78 3.34 4.6 8.36 4.68 6.92 9.73 4.76 5.26 8.02 4.69 6.49 3.46 7.06 4.66 1.39 6.66 8.21 3.3 5.52 5.24 3.07 3.76 4.33 2.94 1.22 6.62 3.97 1.96 5.68 6.66 4.83 5.63 4.78 8.5 5.24 1.87 4.65 4.44 -0.2 2.89 2.66 7.3 5.13 4.79 9.93 5.62 6.25 4.63 3.8 3.72 4.18 3.72 7.88 5.93 4.02 4.34 3.84 7.23 4.04 4.95 4.41 5.59 1.7 4.8 1.36 0.76 6.69 4.91 6.17
"40" 3.1 3.78 4.34 6.34 3.08 6.06 5.77 5.12 6.57 4.57 5.35 8.16 7.31 3.31 5.66 4.87 6.83 2 2.57 2.1 4.78 3.34 4.67 3.03 4.15 5.5 3.62 5.54 2.42 4.28 1.46 3.87 5.92 3 8.23 3.71 5.35 5.01 5 5.3 5.1 5.77 7.48 5.66 5.78 6.23 3.91 1.07 4.67 6.14 3 2.97 5.72 5.54 7 5.29 4.44 6.96 4.07 3.95 3.02 2.23 8.11 5.2 5.05 6.14 2.04 7.38 5 8.16 4.69 6.64 3.3 6.29 6.99 4.08 4.28 4.83 7.92 6.22 6.77 2.6 4.32 3.21 3.83 2.62 7.83 1.75 5.6
"41" 7.79 4.99 3.63 7.43 6.23 4.75 6.75 3.2 5.23 7.28 2.82 2.41 2.77 2.99 6.19 5.88 9.11 5.37 7.16 3.66 3.01 6.3 4.01 2.3 5.17 6.43 6.44 4.52 5.23 4.36 6.95 3.42 3.29 4.45 5.09 0.91 7.38 5.92 7.09 3.48 6.16 4.59 1.54 6.02 4.4 5.69 1.87 -0.02 4.84 5.81 4.85 6.5 2.83 3.95 5.09 6.65 6.73 6.42 4.12 6.83 4.16 3.99 5.72 6.16 4.04 5.42 5.38 5.96 5.3 4.87 7.18 3.1 5.02 5.96 7.93 3.63 8.63 8.18 4.17 9.55 2.71 3.21 4.3 3.18 4.81 7.47 4.38 6.54 3.92
"42" 8.58 5.39 3.89 3.5 6.32 6.59 2.96 7.53 7.77 5.95 6.31 4.06 4.17 1.53 3.71 6.79 6.94 4.33 3.38 4.46 2.58 7.62 8.14 3.83 6.94 9.28 5.15 2.59 2.96 5.92 2.58 2.54 5.62 5.73 0.18 2.91 5.62 2.73 7.7 8.07 4.77 4.64 3.88 8.5 6.27 4.48 5.56 5.18 6.42 1.07 3.09 5.83 6.34 8.69 7.93 6.16 7.72 8.68 6.11 4.26 2.54 7.93 3.89 4.09 6.78 6.07 5.16 3.86 5.96 9.04 4.61 8.04 3.4 6.31 4.89 3.59 6.45 4.11 7.31 9.48 10.86 7.06 4.85 3.69 0.48 4.92 2.43 3.65 6.07
"43" 5.91 4.86 5.16 3.31 3.52 4.43 6.27 5.33 7.49 8.24 4.17 6.31 3.15 5.18 1.59 7.6 8.57 6.16 4.92 4.54 6.99 4.67 2.47 6.73 5.72 9.51 5.32 6.9 5.11 2.96 6.68 4.92 7.52 3.78 5.26 6.26 5.17 5 6.67 2.52 2.24 5.99 3.05 3.93 7.91 4.98 4.03 -0.94 2.32 5.13 2.56 3.48 5.32 0.44 3.47 1.52 6.74 4.66 0.9 1.76 3.22 4.89 4.57 5.17 2.2 5.26 4.1 8.31 2.2 7.54 7.41 4.68 7.21 7.28 4.16 3.46 2.24 8.12 5.37 5.68 4.04 5.65 5.51 4.27 6.99 3.74 2.55 4.51 6.03
"44" 5.95 9.87 3.88 7.53 3.99 6.44 7.14 6.82 7.47 10.27 0.58 6.52 5.06 5.37 4.41 3.87 2.84 5.01 6.19 4.82 1.54 2.42 4.44 1.69 5.48 -1.59 6.15 7.1 9.6 9.77 5.63 4.12 4.48 6 7.67 1.92 6.61 2.73 5.81 1.23 7.47 5.14 2.52 3.89 5.71 6.98 0.94 3.46 4.31 1.08 4.91 1.93 7.29 4.2 7.57 1.96 4.3 2 4.84 7.37 5.15 6.73 5.48 3.77 4.42 4.08 5.14 1.47 6.43 6.13 5.64 5.49 6.52 6 2.87 5.08 6.29 1.38 5.41 6.31 5.4 5.52 5.97 6.46 5.57 5.01 6.44 7.46 3.68
"45" 7.53 4.05 2.94 4 3.51 5.6 4.49 4.42 8.28 6.07 3.34 4.64 6.51 6.7 5.02 1.54 5.87 3.11 4.16 7.09 0.5 6.98 6.41 6.47 4.82 7.78 5.87 3.85 2.86 1.34 7.09 4.77 6.66 2.83 3.91 6.97 5.84 5.49 6.66 2.44 3.12 3.04 3.86 3.55 3.5 8.71 3.18 4.69 5.66 3.79 4.29 5.83 5.81 7.5 6 6.11 4.09 4.68 4.6 3.99 7.09 4.53 5.58 2.35 3.45 4.95 5.48 9.85 5.35 4.35 6.4 5.7 2.11 7.92 5.09 6.74 5 5.98 1.65 6.39 7.89 10.32 3.37 5.23 9.31 5.96 5.31 3.89 3.39
"46" 5.37 7.21 7.8 4.38 5.89 7.14 4.07 6.27 3.82 3.08 7.88 4.98 7.67 9.34 5.16 3.04 7.78 6.7 3.5 5.81 7.91 2.62 7.16 2.95 3.97 4.07 1.64 0.89 5.64 2.86 4.31 3.31 6.5 7.2 4.09 7.46 4.94 1.7 1.85 -1.52 6.26 2.22 4.77 2.29 4.66 5.93 6.51 4.3 5.53 1.83 5.02 7.25 3.45 5.22 1.56 3.89 8.88 3.95 4.41 4.91 5.96 4.2 4.54 8.74 4.14 3.84 6.9 4.59 5.4 6.82 4.95 3.86 10.7 0.82 7.26 5.98 6.51 5.55 3.74 6.1 7.47 6.07 7.13 7.31 4.77 4.53 5.91 4.02 7.77
"47" 6.12 6.34 1.02 5.45 6.58 4.75 6.9 4.84 7.04 4.14 5.51 2.52 6.36 6.61 2.41 2.74 7.44 6.41 7.02 6.59 8.67 1.98 6.21 1.4 6.82 5.67 2.83 5.21 3.25 7.2 2.93 4.83 7.32 6.02 2.39 6.33 2.17 4.6 1.58 3.9 3.72 5.39 5.89 4.78 4.11 7.07 5.5 1.51 9.71 5 4.95 -0.89 4.82 8.12 4.17 8.96 7.86 4.33 3.36 2.95 3.98 1.31 3.13 5.8 6.69 5.01 5.71 4.82 7.06 6.43 9.03 6.8 3.27 1.65 3.97 5.96 6.39 3.61 11.84 6.56 5.32 3.76 5.47 2.8 1.7 3.06 4.27 3.15 2.95
"48" 5.94 2.41 6.89 4.81 4 8.93 4.09 1.57 7.42 3.48 3.28 3.88 7.13 3.77 0.44 2.87 4.61 7.53 2.18 6.01 4.02 5.33 5.03 3.45 4.45 5.06 4.93 4.28 8.22 6.88 0.34 3.04 7.43 4.43 1.89 4.03 3.9 3.68 4.35 5.04 6.54 3.11 7.15 2.94 7.98 4.92 5.15 5.73 6.17 0.15 2.82 2.31 4.05 5.23 3.93 6.6 3.38 6.3 5.41 1.88 6.61 3.3 9.14 4.74 4.18 8.83 3.84 3.68 2.37 8.35 6.3 4.26 8.78 1.57 3.62 3.82 2.43 3.19 6 4.82 6.52 6.18 4.9 6.73 4.95 2.91 3.85 8.06 4.62
"49" 6.04 5.35 6.94 6.35 4.07 4.6 6.56 4.55 3.3 5.1 7.78 5.13 4.91 5.1 9.35 5.93 4.44 6.72 6.01 5.39 8.08 4.52 0.8 3.08 4.98 6.75 4.32 6.32 6.15 6.95 3.69 6.03 4.56 6.33 0.96 6.95 1.62 4.61 6.08 5.88 5.69 4.01 7.2 5.68 7.53 1.23 3.35 3.7 4.27 6.3 2.01 1.35 5.61 4.05 5.18 6.93 6.7 5.85 4.49 6.76 1.27 2.78 3.88 7.69 3.85 2.28 5.06 9.91 6.05 6.52 2.71 3.13 6.11 1.42 3.25 5.6 8.93 3.87 6.72 3.38 5.31 7.03 8.47 5.36 5.49 5.47 6.28 3.71 4.88
"50" 5.26 4.57 4.97 2.46 -0.19 4.25 0.51 6.45 6.53 5.7 9.51 4.86 5.59 5.55 5.24 5.89 1.35 2.77 8.57 3.63 5.84 5.59 9.61 8.67 1.96 5.45 2.62 6.05 6.03 6.82 7.16 2.53 7.32 6.59 5.92 5.03 4.11 5.11 6.71 7.31 6.62 8.91 3.53 4.69 1.5 5.79 7.58 6.4 7.55 4.36 4.53 6.6 6.45 3.38 6.9 1.94 3.63 4.43 3.23 5.52 4.43 5.43 3.65 3.65 3.24 1.09 5.49 4.23 2.54 3.72 6.22 5.13 6.63 3.16 2.18 5.73 6.28 5.82 4.34 3.45 5.47 3.56 7.51 6.14 5.97 6.16 3.35 5.71 1.38
"51" 8.01 5.94 6.84 5.49 6.59 3.69 6.85 4.64 4.16 4.88 5.68 6.41 7.95 8.27 3.18 3.79 3.6 6.44 5.99 4.96 2.24 7.72 6.25 3.71 7.33 4.23 6.93 6.59 9.75 1.86 3.25 2.53 3.36 2.09 3.83 7.85 4.55 6.25 1.86 5.22 5.65 2.58 6.54 5.24 4.64 2.98 6.86 0.99 2.61 5.24 6.46 4.49 5.13 3.07 5.56 5.62 5.02 4.37 2.54 7.03 3.55 4.57 3.93 3.38 5.45 4.33 2.91 6.45 4.97 5.78 4.54 6.02 9.57 2.87 7.54 5.58 6.71 8.25 4.97 4.62 7.84 4.19 3.02 6.36 4.26 6.8 7.76 5.06 6.42
"52" 5.14 2.75 6.05 4.47 6.78 2.07 4.51 8.26 5.69 7.22 6.07 3.18 6.37 5.34 -2 2.92 6.83 3.93 4.04 6.44 3.86 4.51 4.86 3.46 4.71 1.11 5.93 3.63 6.11 7.14 5.27 4.63 2.65 4.9 4.14 4.5 2.32 7.21 5.34 2.87 5.77 4.63 -1.76 6.58 5.7 5.78 6.35 5.57 4.41 6.51 4.72 1.44 3.93 6.15 4.31 4.68 7.59 5.97 4.52 10.17 2.12 5.31 7.7 6.76 4.24 8.63 2.96 3.28 3.71 6.83 7.19 5.02 0.37 3.73 4.36 -0.19 6.53 7.54 6.3 4.29 5.35 5.22 3.99 4.23 8.26 2.06 2.4 4.08 5.78
"53" 7.48 4.48 4.86 1.7 3.7 3.29 6.41 5.92 5.91 7.24 6.2 1.44 6.81 9.5 6.08 6.02 3.9 7.94 2.48 4.51 8.88 5.69 9.64 6.38 8.6 4.25 4.35 8.01 4.14 6.72 3.97 6.04 3.04 7.16 5.2 3.92 1.32 2.86 3.01 6.1 5.9 7.82 7.5 4.67 3.77 5.34 7.47 4.2 6.9 2.76 3.71 6.49 3.86 3.31 4.24 5.81 7.52 5.77 5.12 8.45 0.21 1.73 2.49 3.67 7.5 4.05 6.14 5.3 6.46 3.57 5.28 3.81 4.22 3.1 3.93 6.17 5.8 2.13 7.64 4.08 5.94 0.52 7.26 4.48 3.05 6.26 4.9 4.44 5.81
"54" 4.73 5.94 4.28 8.3 4.09 5.42 3.49 7.73 6.09 5.86 3.6 2.02 3.88 1.59 4.57 4 5.86 4.38 7.1 5.7 6.99 5.6 2.95 6.97 3.84 6.5 6.2 7.39 2.84 3.21 5.1 3.4 5.76 3.49 1.58 3.03 5.32 5.87 3.81 2.78 3.37 3.78 8.34 4.43 5.09 1.32 5.4 4.84 3.44 4.54 6.41 1.35 5.35 5.35 -1.32 5.21 3.04 3.79 6.96 1.41 4.1 6.13 5.56 5.82 7.08 6.97 6.09 1.9 5.31 4.7 4.52 6.08 6.65 2.37 4.23 4.88 4.13 6.6 5.55 5.3 3.17 2.97 5.26 2.19 11.36 5.36 4.47 6.73 8.35
"55" 7.85 3.23 0.91 5.2 6.14 8.45 1.3 2.05 3.31 5.52 5.88 8.05 3.77 6.09 0.37 5.14 3.02 7.59 2.95 2.53 4.95 2.69 4.17 5.47 2.7 6.28 3.91 8.33 3.54 8.07 5.1 6.16 5.75 6.71 2.21 5.72 5.65 4.01 1.25 5.97 2 6.57 5.41 7.02 4.38 1.51 4.42 8.27 5.91 3.04 6.66 6 6.25 6.9 6.17 4.84 2.93 6.07 6.89 1.68 2.85 3.74 8.32 3.03 6.11 3.23 2.95 7.31 7.09 7.22 5.11 6.62 0.83 4.87 5.67 9.72 5.36 8.42 7.65 9.86 4.01 4.56 2.44 4.4 1.49 2.1 4.65 5.86 5.76
"56" 6.91 6.89 6.57 2.16 2.27 2.93 5.01 5.13 1.63 9.55 7.57 7.02 3.12 3.07 8.11 8.06 10.01 3.57 6.95 3.34 2.56 4.62 5.55 7.54 8.27 3.79 5.13 4.04 5.55 10.49 2.54 4.37 4.9 5.99 0.48 5.46 2.97 1.14 3.44 6.11 6.73 5.68 6.83 4.85 7.89 4.38 2.56 4.75 4.26 0.58 3.49 6.39 2.8 5.93 3.04 3.81 4.92 4.41 3.76 6.84 6.33 6.45 7.24 5.69 2.43 4.5 6.07 3.12 6.87 5.82 5.45 3.85 5.28 3.56 8.22 6.46 3.91 6.18 5.24 6.73 5.34 4.76 6.28 3.41 8.52 3.49 5.73 3.15 2.38
"57" 2.44 5.01 4.02 8.12 6.64 3.9 4.16 4.09 7.12 4.61 4.9 8.39 5.85 4.06 6.2 3.12 3.13 1.87 6.08 6.69 5.92 4.93 6.88 2.26 3.24 0.81 3.21 6.16 5.97 2.77 3.52 1.99 5.68 5.54 3.74 7.19 1.99 2.95 6.19 6.39 3.56 6.13 2.33 5.6 5.03 1.79 3.84 7.27 2.15 6.09 5.45 6.38 5.59 7.48 8.53 4.74 4.12 4.55 6.29 4.18 4.43 2.07 2.3 5.08 7.55 5.22 5.56 6.95 4.58 7.72 6.19 3.76 4 5.49 2.92 2.69 8.5 6.71 8.38 0.76 7.32 5.47 6.73 3.23 2.53 2.23 7.29 4.23 8.34
"58" 3.87 7.25 4.17 5.53 7.28 3.81 4.75 3.56 4.81 2.4 7.51 8.99 7.29 4.97 3.48 6.53 3.45 2.56 5.16 1.34 2.82 1.65 2.68 3.83 4.59 6.51 5.43 8.6 6.97 1.5 3.57 6.27 3.42 7.52 2.9 6.86 3.67 0.65 7.15 2.38 2.38 5.62 3.81 5.98 9.13 1.72 7.23 7.62 6.31 1.86 3.5 6.6 -0.17 2.88 4.31 5.85 6.02 4.92 5.86 8.98 3.4 4.58 6.19 4.16 4.44 2.36 4.35 0.98 4.38 0.74 6.04 7.82 5.63 2.11 5.24 6.58 4.97 8.1 3.42 5.19 3.8 5.54 5.38 5.76 5.88 0.1 7.25 5.37 3.35
"59" 7.55 1.39 7.94 5.56 2.28 3.8 4.28 6.22 0.43 5.77 3.43 3.32 6.28 3.24 5.11 3.37 4.28 3.84 4.64 5.27 6.4 6.85 7.33 2.27 4.76 6.02 2.51 4.82 6.31 5.38 6.34 4.76 5.89 5.1 7.01 4.02 5.7 7.27 9.66 6.59 4.3 5.44 10.3 6.64 4.81 6.51 8.36 5.57 4.37 1.89 6.08 6.02 8.58 1.89 5.28 4.97 4.68 3.9 6.47 8.79 5.62 2.52 0.52 4.21 2.43 4.91 7.96 8.58 6.78 5.26 4.3 3.84 4.13 7.14 5.09 3.58 4.65 1.18 4.35 4.11 6.35 5.71 6.12 4.65 7.72 5.48 5.8 4.76 3.2
"60" 4.56 2.25 5.09 5.32 1.53 2.18 2.42 4.58 2.95 7.58 3.78 5.46 4.43 6.22 1.76 1.67 9.52 8.18 4.43 4.71 6.31 6.14 0.49 7.23 3.88 4.39 5.6 3.32 7 4.97 6.9 2.83 2.98 6.01 5.66 6.01 3.82 3.67 4.69 3.96 7.87 3.36 5.23 4.42 6.54 4.2 4 2.38 2.18 -0.36 5 3.68 6.47 4.7 5.49 5.6 4.33 3.18 8.23 4.28 5.09 6.9 3.38 8.07 4.49 5.2 8.12 4.05 3.21 4.67 4.54 3.6 5.97 2.72 6.19 4.12 8.24 4.4 5.79 8.38 6.2 4.74 4.49 4.66 4.15 2.62 4.39 5.12 4.86
"61" 6.88 5.23 6.31 3.47 7.24 1.05 4.68 3.56 4.94 4.2 4.77 1.9 8.87 5.66 7.56 1.25 5.09 4.06 0.97 4.55 8.83 2.99 0.6 1.15 9.3 4.54 4.1 4.95 2.81 4.12 3.24 4.11 7.37 4.77 5.93 2.35 5.51 3.14 4.55 7.12 1.54 3.83 6.35 3.36 5.04 5.71 2.89 5.36 7.56 3.27 7 5.05 7.15 5.94 6.33 8.59 3.11 6.12 5.75 7.38 7.73 7.91 6.03 3.52 8.11 6.43 3.58 3.44 7.36 5.53 3.65 3.45 2.97 2.31 5.99 8.22 7.31 3.34 2.41 4.34 4.66 2.92 6.34 5.79 2.05 6.28 3.51 4.24 7.83
"62" 0.09 7.2 4.06 4.77 4.21 3.2 4.76 5.53 5.01 5.4 3.5 8 3.51 8.04 7.51 3.11 1.86 8.51 3.56 2.8 5.33 6.87 4.13 6.6 4.6 7.24 8.64 7.23 3.31 5 6.47 4.98 6.95 4.81 5 9.05 5.56 3.72 5.6 4.55 7.3 7.16 4.66 8.13 1.27 3.8 7.85 3.17 5.17 6.33 1.85 4.04 5.54 3.34 4.8 4.74 4.64 2.68 4.99 4.82 6.12 3.71 5.26 4.86 2.19 4.58 2.38 3.83 9.49 6.07 2.27 8.17 6.15 3.63 2.8 1.47 6.5 8.41 8.85 5.81 5.15 5.44 0.88 1.64 6.96 3.25 5.98 5.05 3.06
"63" 3.67 8.85 6.42 4.92 5.16 4.64 3.59 8.14 4.9 4.49 6.8 5.25 7 4.52 5.68 4.13 3.84 4.34 6.5 6.22 5.6 2.9 5.94 6.76 9.38 5 7.12 1.2 3.61 6.75 6.35 1.41 6.41 6.96 7.4 6.4 9.23 3.33 4.15 5.47 5.05 3.4 8.22 5.67 6.04 4.18 8.15 4.26 8 5.32 4.05 1.75 8.78 2.77 5.49 4.89 6.54 3.44 4.58 8.03 5.96 5.44 6.51 3.78 8.29 5.99 2.93 3.87 5.44 4.8 5.04 8.74 5.53 5.76 3.33 2.46 5.75 3.17 5.99 3.34 3.51 5.18 9.6 6.37 5.31 4.14 7.58 4.88 4.7
"64" 5.43 3.61 1.67 9.13 3.11 2.23 5.46 4.17 1.44 8.13 6.97 8.19 3.25 3.67 5.54 5.37 7.38 7.31 -0.27 6.61 4.62 4.47 6.96 2.87 6.34 6.5 5.43 6.9 7.99 6.68 3.22 4.77 -0.41 5.4 8.91 7.03 7.64 3.73 3.86 2.45 4.24 3.94 2.57 7.11 5.96 8.44 3.89 5.17 7.59 7.91 5.32 3.47 2.16 6.02 6.69 7.6 2.62 4.76 8.11 2.79 3.72 7.81 4.63 5.89 5.24 6.43 2.72 7.4 4.58 5.41 7.94 6.78 4.64 7.01 7.32 5.21 6.35 5.46 6.05 3.37 7.04 6.23 2.37 3.38 6.64 3.43 5.71 6.63 7.3
"65" 3.64 5.8 6.79 6.07 4.16 5.43 5.04 5.73 5.07 5.08 3.24 6.97 7.08 3.29 7.39 5.07 6.23 6.51 3.35 7.12 3.5 7.54 3.25 4.25 6.41 3.11 1.79 1.13 6.75 6.63 6.52 5.18 9.18 6.02 6.19 4.02 3.14 5.12 4.96 4.07 6.72 4.28 6.91 6.15 2.16 2.78 5.83 8.12 4.74 4.93 7.82 3.53 6.45 6.99 4.2 2.45 4.37 3.42 5.82 3.42 5.69 2.72 6.13 2.58 3.52 4.98 7 2.04 5.73 4.7 8.17 6.75 5.44 4.88 4.28 6.93 5.62 1.74 7.02 7.2 5.31 6.42 4.34 5.74 6.67 7.36 3.87 4.99 7.13
"66" 2.82 5.74 4.56 8.39 2.67 4.24 7.25 5.82 5.74 5.77 4.61 8.09 4.65 5.33 7.61 8.25 7.6 7.45 6.13 0.62 0.29 8.37 5.37 2.4 0.24 3.31 6.67 4.58 5.66 4.73 4.71 8.11 6.83 2.86 5.09 3.99 5.84 3.15 3.54 7.94 0.74 7.39 3.62 6.51 1.81 5.43 7.19 6.72 3.29 6.03 6.48 1.25 3.38 5.14 5.07 3.52 5.68 0.92 6.02 4.88 5.62 8.63 5.01 3.54 1.23 4.37 7.01 3.06 2.91 7.46 6.45 1.29 8.06 4.18 7.83 5.2 4.43 5.44 6.94 6.62 5.5 4.14 5.52 5.01 7.9 4.27 5.75 2.85 5.13
