"V1" "V2" "V3" "V4" "V5" "V6" "V7" "V8" "V9" "V10" "V11" "V12" "V13" "V14" "V15" "V16" "V17" "V18" "V19" "V20" "V21" "V22" "V23" "V24" "V25" "V26" "V27" "V28" "V29" "V30" "V31" "V32" "V33" "V34" "V35" "V36" "V37" "V38" "V39" "V40" "V41" "V42" "V43" "V44" "V45" "V46" "V47" "V48" "V49" "V50" "V51"
"1" 5.59 3.6 5.93 3.03 6.86 2.87 3.8 4.38 4.27 5.97 7.08 5.01 7.42 6.87 4.79 6.28 9.48 3.97 2.26 5.01 4.26 2.06 5.33 5.25 2.49 5.45 4.29 0.91 2.41 3.14 5.9 7.05 5.26 0.32 7.19 2.94 2.87 7.61 5.58 4 3.01 3.87 4.32 4.88 6.65 5.32 4.2 1.89 0.26 7.04 5.75
"2" 3.62 2.96 6.21 3.28 6.46 7.26 5.63 2.63 5.36 3.29 1.77 4.51 3.96 -0.82 3.92 3.2 4.01 6.83 4.41 1.11 5.05 6.85 1.91 4.53 6.35 6.05 5.21 0.84 4.17 3.65 7.9 8.78 6.85 6.59 6.47 3.1 6.63 1.8 4.93 4.14 3.34 3.03 3.73 3.68 6.04 5.45 2.82 4.82 4.73 2.72 4.51
"3" 3.7 7.27 6.17 5.98 3.64 5.63 6.95 4.17 6.13 3.57 2.26 6.42 2.39 7.26 2.02 5.06 6.29 -0.11 6.32 -1.91 7.12 0.59 7.29 5.21 4.69 7.83 4.37 7.17 4.26 5.44 3.81 5.61 4.66 6.65 3.99 2.84 4.72 0.95 4.73 -0.17 5.16 3.35 4.78 7.72 7.34 3.12 6.06 5.56 3.37 2.7 5.96
"4" 5.88 5.02 3.19 4.79 4.86 5.35 1.01 4.48 6.08 4.47 2.27 5.36 6.43 4.13 4.97 4.42 0.91 3.26 4.65 5.01 7.58 9.02 5.65 3.27 4.23 2.89 4.1 2.29 5.09 3.64 4.63 3.21 4.69 2.47 5.65 6.7 7.6 4.55 7.71 5.69 5.2 5.4 2.12 3.52 8.54 5.96 8.02 3.81 7.37 4.37 2.38
"5" 0.98 1.52 5.24 5.1 1.86 6.95 4.23 3.3 5.85 3.11 3.2 6.07 4.52 3.86 4.36 7.56 -1.13 7.52 2.56 5.19 4.45 3.07 2.76 7.95 5.8 4.44 6.83 5.03 5.04 2.65 6.17 1.25 4.93 2.22 5.38 4.7 6.62 4.13 3.22 8.81 6.9 7.19 6.8 0.71 4.84 9.07 2.84 6.12 5.53 5.46 6.06
"6" 6.5 5.06 9.66 4.75 6.34 9.14 5.04 2.47 6.17 2.74 3.53 5.06 6.9 6.68 8.95 8.2 2.71 4.27 5.33 7.6 3.86 7.36 -0.03 5.67 8.38 3.8 2.77 4.46 4.41 5.95 5.61 4.28 4.07 2.88 6.01 4.91 5.84 4.76 6.37 4.83 5.81 5.02 6.69 3.48 3.71 6.54 7.79 7.15 3.98 4.9 3.84
"7" 6.32 5.92 5.38 3.63 4.5 7.81 7.32 5.13 3.27 5.11 6.43 3.21 1.06 7.59 4.7 7.46 6.24 3.06 3.87 5.59 2.65 4.65 4.55 3.54 4.53 2.7 4.65 8.01 4.83 6.1 3.78 6.5 5.94 4.22 6.09 2.07 3.99 8.42 6.4 3.65 7.91 5.87 2.65 3.11 6.58 4.92 4.66 7.12 5.07 5.99 5.27
"8" 6.82 3.15 6.05 2.82 3.8 3.7 3.46 5.31 8.96 2.96 3.86 5.04 7.38 4.92 4.27 5.15 4.78 4.22 4.5 7.88 3.7 3.23 5.54 8.32 3.99 2.98 6.15 4.98 4.49 3.12 6.94 5.54 6.79 7.89 5.27 4.08 3.86 4.98 7.22 4.61 2.64 5.51 2.98 3.85 3.23 2.29 7.87 7.67 5.19 4.16 6.97
"9" 4.98 3.43 3.72 5.44 4.98 5.61 6.43 4.41 5.54 2.75 5.15 11.73 6.26 5.04 8.15 5.1 4.61 6.01 4.06 4.97 3.97 4.66 6.38 2.27 2.9 6.08 3.73 4.01 5.3 3.18 3.53 3.87 6.39 3.24 9.02 1.71 2.71 5.69 5.69 5.37 3.65 5 3.28 2.14 1.17 4.08 4.44 3.04 7.39 5.35 6.38
"10" 6.51 3.66 -1.33 4.5 3.64 -2.05 6.23 9.06 8.06 4.36 8.13 6.55 4.39 6.26 6.16 11.13 1.78 6.12 6.34 5.34 6.34 4.63 4.34 6.95 1.58 4.6 1.08 2.23 5.56 3.49 6.99 5.27 3.52 2.58 5.59 3.51 6.29 7.48 5.15 2 7.06 5.88 2.96 4.5 7.69 7.11 0.24 6.2 3.8 2.94 3.85
"11" 6.23 4.1 5.88 1.04 5.98 3.95 5.51 3.1 3.57 3.77 7.64 2.41 3.35 4.38 3.15 3.49 1.71 5.15 5.89 3.55 4.04 6.22 4.25 7.05 6.59 8.8 4.19 5.75 3.52 9.16 3.28 3.53 4.9 4.5 6.22 4.3 6.09 5.09 0.9 3.15 6.58 6.95 3.75 5.98 5.86 6.34 3.18 7.07 9.16 7.43 3.74
"12" 6.62 6.87 6.71 7.9 4.41 3.3 5.94 3.76 5.17 4.61 3.98 0.68 6.45 4.16 8.12 10.93 4.67 4.39 6.63 6.37 2.1 7.13 5.27 4.86 7.14 7.69 3.08 5.38 3.89 6.1 4.22 3.58 5.54 4.07 1.8 6.14 4.08 6.43 4.87 5.55 4.34 5.11 0.92 6.18 8.69 8.24 4.22 4.7 2.79 3.17 4.49
"13" 7.4 5.38 4.92 4.81 2.05 2.11 8.56 4.97 8.2 3.85 8.55 5.99 6.41 4.84 2.98 7.05 3.51 6.98 8 6.75 2.96 6.53 4 4.39 8.43 3.07 3.03 3.51 4.43 2.94 2.25 7.1 2.4 5.32 2.46 6.27 5.32 6.45 7.83 6.6 5.21 4.69 4.8 4.69 4.23 4.59 6.84 2.78 3.43 6.83 3.06
"14" 6.88 5.95 2.87 1.51 5.95 4.35 1.81 1.64 6.44 9.03 8.61 5.55 4.73 6.45 6.09 6.46 5.71 4.6 5.61 4.59 1.7 4.56 4.31 3.99 4.46 3.49 4.34 4.9 3.28 5.24 6.22 5.87 4.96 7.28 3.59 2.95 0.32 2.38 5.72 1.51 2.1 4.33 6.7 3.15 6.54 5.81 1.74 2.99 1.89 5.53 3.37
"15" 7.51 5.03 3.06 7.11 7.2 6.64 4.05 4.92 3.35 6.1 2.79 3.57 6.79 3.65 4.25 5.23 6.87 2.38 8.28 6.88 6.41 5.71 2.7 8.57 6.99 7.83 8.63 5.96 3.59 2.37 4.38 6.4 7.62 5.85 2.92 4.61 5.43 5.64 3.78 2.63 4.52 5.6 4.86 4.06 5.55 3.36 5.92 3.26 2.82 4.55 5.08
"16" 3.41 5.97 6.12 4.18 9.79 6 3.32 4.99 6.48 4.26 6.85 2.42 4.89 4.4 8.1 6.95 3.79 7.25 5.33 5.37 8.99 6.09 6.7 8.72 10.1 5.52 5.21 5.08 3.16 5.68 4.57 7.85 7.72 4.13 3.67 8.24 2.08 5.2 5.38 7.21 5.29 4.42 3.59 7.6 6.26 3.03 4.31 3.33 5.73 5.08 2.61
"17" 9.18 6.45 3.42 2.97 3.16 7.16 5.59 2.44 4.59 2.29 4.72 2.79 6.62 1.09 4.79 5.64 8.08 4.48 2.72 2.02 5.63 2.27 4.89 1.65 5.27 8.67 5.85 4.68 3.59 1.96 7.2 4.1 4.83 5.18 4.62 4.58 7.59 4.65 6.99 3.49 7.42 2.21 2.59 8.02 6.05 2.61 6.32 4.59 3.52 5 3.49
"18" 5.72 2.7 2.81 4.48 7.38 2.93 6.47 7.05 0.95 5.59 7.12 6.81 5.63 4.9 5.69 3.21 2.82 4.34 5.06 3.65 6.01 5.8 3.31 7.08 6.05 2.55 1.8 5.68 5.75 4.81 6.35 7.6 2.04 3.92 4.84 8.26 3.6 6.98 7.67 6.7 7.93 2.11 4.34 3.59 4.85 7.44 8.94 5.53 6.03 9.54 2.22
"19" 5.12 9.18 1.76 7.32 3.35 5.59 1.55 5.46 4.76 4.65 6.13 7.18 5.05 6.28 8.83 8.57 11.27 4.6 5.17 3.52 4.13 7.98 3.84 5.41 4.07 3.59 6.57 4.74 6.95 0.45 7.79 6.4 7.04 1.39 4.91 5.35 3.22 6.71 4.08 4.71 8.39 2.08 4.55 2.91 3.08 6.91 4.07 7.31 4.76 7.06 5.59
"20" 4.98 4.06 7.86 3.97 7.79 4.82 6.84 3.79 3.03 4.14 -2.59 4.84 7.16 6.99 3.58 9.17 3.64 -0.03 4.65 2.83 4.23 3.96 3.7 7.09 3.54 5.39 3.91 4.57 3.02 6.58 1.57 7.26 5.43 3.87 6.51 7.8 7.51 3.65 3.56 2.45 4.45 4 4.5 3.52 5.89 4.95 5.64 3.88 3.02 5.63 5.72
"21" 4.22 7.58 1.62 6.82 3.9 6.64 3.06 4 4.04 4.19 2.12 4.33 5.12 4.62 4.2 2.91 5.69 8.8 6.97 3.46 4.97 4.46 3.81 7.56 4.39 4.56 2.2 1.43 3.13 4.57 1.76 4.74 8.62 6.53 5.87 8.31 6.5 2.45 4.74 6.1 5.36 6.4 4.13 5.56 3.05 7.13 6.64 4.21 6.43 5.62 5.57
"22" 5.79 5.3 4.12 6.72 5.58 6.44 3.96 5.5 5.94 1.4 6.5 6.24 5.97 6.5 8.53 5.64 6.94 6.48 6.08 2.51 2.72 1.27 2.72 -2.13 6.35 4.79 3.99 4.08 4.69 6.79 4.21 4.75 2.51 5.25 6.22 6.1 4.27 5.01 3.14 4.35 5.02 6.83 3.55 0.29 6.72 6.36 3.25 3.42 6.2 7.3 5.06
"23" 3.58 0.61 3.06 4.57 1.87 7.79 6.31 4.59 3.26 5.7 8.89 5.69 3.99 5.64 6.66 6.2 4.04 3.33 4.86 4.07 6.62 4.89 0.51 7.22 7.5 2.1 4.29 6.04 3.75 6.16 3.35 5.17 7.13 4.79 4.93 1.24 6.64 5.33 5.65 4.57 6.2 4.94 3.58 6.85 3.53 6.54 5.18 2.96 3.42 5.42 1.95
"24" 5.01 7.89 3.37 4.54 6.86 7.48 6.34 5.2 6.3 5.17 6.2 4.05 5.17 8.69 6.21 8.07 3.06 1.96 4.95 5.12 4.88 5.37 6.67 6.72 3.98 4.56 5.23 8.36 4.71 4.56 5.77 6.57 7.66 3.51 8.52 5.36 2.08 3.12 8.37 2.23 6.52 6.86 6.95 4.35 3.41 5.57 7.35 4.29 3.03 3.99 3.32
"25" 6.57 2.74 2.85 6.6 7.28 7.08 7.11 6.79 5.57 5.44 3.86 4.12 6.42 3.19 3.26 7.84 8.47 6 4.5 2.57 6.94 3.63 5.32 6.14 4.07 2.56 5.09 2.58 7.98 2.05 7.39 1.8 8.78 7.56 4.83 3.91 3.01 5.39 2.51 6.63 4.51 7.14 3.04 3.44 3.03 4.87 5.85 6.4 6.13 5.09 5.13
"26" 4.35 4.15 4.49 6.01 5.78 7.31 5.43 3.8 6.46 4.51 8.71 6.59 6.22 4.22 3.93 8.04 10.44 5.81 8.42 7.46 4.28 5.23 4.84 5.26 3.77 5.2 6.22 7.5 7.85 9.78 6.23 4.61 5.54 6.1 5.69 2.28 4.77 5.31 2.12 1.83 2.29 3.44 1.86 5.46 -0.06 1.64 4.92 6.28 9.2 4.82 5.62
"27" 1.61 5.19 3.61 6.17 9.46 1.64 4.39 4.04 4.22 5.61 4.14 3.96 5.28 1.79 3.12 6.22 2.74 10.67 6.24 6.44 4.66 2.43 6.54 4.82 10.41 6.04 3.78 5.13 7.32 2.24 5.09 6.8 6.56 3.71 1.47 4.58 7.83 2.53 3.78 3.1 5.76 4.98 5.91 3.68 5.84 2.02 6.55 3.18 2.67 5.25 7.06
"28" 5.47 7.04 3.54 7.73 5.49 6.28 4.64 3.52 4.71 5.14 5.05 5.55 6.24 6.53 6.02 2.28 3.46 2.29 6.71 4.48 5.03 6.3 2.34 0.97 3.23 -0.21 4.34 5.55 7.78 2.67 8.05 9.01 5.3 2.41 3.91 5.75 2.73 0.59 5.93 7.89 4.41 7.62 5.43 3.4 2.53 2.77 4.14 2.83 4.58 6.75 4.2
"29" 7.23 1.53 3.41 5.43 5.07 8.78 0.94 2.31 4.12 4.96 6.07 3.42 0.47 4.63 5.02 3.76 4.18 1.93 6.47 1.13 8.14 6.23 3.47 4.15 6.65 4.93 8.99 1.11 5.75 2.46 4.19 1.24 4.6 7.02 7.63 6.3 3.96 7.34 6.52 6.03 5.06 5.81 5.41 2.08 4.35 4.71 7.6 7.21 6.33 6.7 2.92
"30" 4.2 3.2 5.87 4.16 4.87 3.73 4.34 7.7 5.66 3.59 6.42 4.2 1.58 3.79 3.72 4.41 4.76 8.03 3.41 6.35 5.38 4.66 4.25 5.88 4.45 6.8 2.45 5.45 3.89 4.9 7.25 5.99 7.84 7.62 6.79 2.11 3.86 3.16 2.64 7.07 7.44 4.53 5 5.17 2.36 1.38 6.2 3.98 1.64 4.98 1.63
"31" 5.11 4.83 2.26 4.21 7.17 5.98 6.91 5.83 9.08 5.51 3.16 2.65 3.37 6.92 6.38 2.74 7.51 10.62 5 4.93 5.09 5.49 6.95 4.32 4.39 4.4 2.64 4.7 6.86 2.33 4.78 7.06 5.21 3.01 5 6.21 5.59 4.11 2.39 6.41 3.32 6.94 5.67 8.85 0.53 5.56 4.55 8.59 2.12 5.99 2.7
"32" 5.66 4.89 4.84 3.57 5.96 6.17 7.39 4.69 4.51 6.36 7.17 4.84 3.16 11.99 7.64 5.17 5.11 3.78 4.08 6.35 3.35 7.78 6.5 7.34 9.17 6.04 5.54 2.44 7.08 6.64 3.36 4.74 4.71 2.97 3.52 5.25 4.87 5.67 4.26 5.73 1.9 7.89 5.25 7.86 1.9 3.06 5.05 6.11 3.67 2.9 6.74
"33" 6.12 4.14 5.65 4.33 5.26 4.37 0.67 5.1 2.1 3.86 5.96 6.32 5.25 4.43 8.89 3.97 7.6 5.68 3.83 5.73 5.66 6.78 4.26 4.08 2.09 4.35 3.44 4.66 3.15 3.11 5.74 5.63 4.91 6.65 8.03 5.23 6.34 3.39 6.45 4.83 4.87 5.21 2.7 4.58 1.9 7.15 2.65 5.97 8.14 2.52 4.25
"34" 10.09 4.57 6.45 5.34 5.45 -0.12 4.12 6.25 6.52 2.66 4.43 7.11 -0.14 6.56 7.72 6.74 8.41 5.12 6.81 4.09 4.74 6.22 6.09 7.2 5.06 4.32 5.57 5.98 5.54 1.77 3.99 2.37 7.49 8.71 3.4 7.02 4.32 5.16 9.58 4.02 6.4 4.59 4.31 4.4 6.49 4.42 5.78 5.37 5.97 7.1 2.38
"35" 6.3 2.14 3.9 6.36 5.31 6.5 7.24 5.67 7.07 6.42 6.28 7.1 5.92 7.79 5.49 7.08 8.97 4.63 3.62 6.05 4.22 5.53 4.04 4.98 4.89 5.84 7.77 5.97 3.68 4.57 4.24 4.08 7.69 5.87 4.52 5.68 2.14 5.81 6.56 2.91 6.87 4.38 4.99 6.92 5.23 5.41 1.76 3.75 3.77 3.77 4.55
"36" 5.47 8.71 3.46 4.2 1.37 4.4 1.49 5.62 10.25 4.72 3.62 5.15 5.26 5.59 5.74 1.99 4.79 5.28 7.57 5.67 4.81 4.46 9.24 5.62 3.93 5.65 6.07 5.77 2.94 4.11 1.43 6.29 3.74 2.71 5.22 -0.33 4.71 6.66 4.3 4.45 3.47 5.04 5.85 2.44 7.28 6.85 4.29 7.68 5.2 2.3 7.18
"37" 7.71 5.37 5.71 5.48 2.64 4.85 5.47 6.08 4.36 3.73 5.83 7.72 5.62 5.1 7.56 6.47 3.72 6.54 4.65 4.81 5.64 4.64 3.6 2.98 3.21 4.61 5.84 4.74 5.22 2.93 3.91 5.56 4.03 5.06 3.8 5.85 2.2 4.84 8.67 -0.37 5.3 7.31 6.02 6.23 4.56 6.01 6.84 4.59 5.06 3.48 1.94
"38" 4.02 7.47 4.75 4.88 4.89 3.74 7.67 7.58 1.99 4.38 8.06 8.69 3.82 4.81 3.22 3.36 2.97 1.91 3.5 4.36 7.79 4.65 5.02 6.28 6.99 4.98 7.75 5.59 5.53 3.01 2.58 2.17 4.87 6.6 4.92 8.01 6.05 4.78 4.51 6.66 4.19 2.18 3.25 10.84 3.26 7.58 4.8 5.89 7.12 6.22 4.3
"39" 4.34 2.27 4.84 4.29 4.01 5.15 3.61 7.08 5.98 7.97 6.52 4 4.47 6.99 2.2 3.24 7.79 5.67 6.83 4.46 4.21 6.01 3.06 5.32 3.74 6.92 3.37 4.37 3.88 2.77 3.24 2.34 4.83 3.18 6.33 2.72 4.62 6.88 3.9 5.19 4.54 5.86 6.03 3.97 5.55 3.01 7.39 8.13 5.48 3.7 3.81
"40" 6.21 4.92 6.17 6.97 2.12 4.59 6.65 7.45 2.46 10.04 4.77 3.98 6.78 6.75 2.28 4.95 2.51 3.69 0.74 5.7 6.6 5.81 4.52 5.4 5.41 0.21 4.1 2.75 4.68 6.98 6.4 6.74 5.68 1.42 6.03 4.61 8.86 4.75 6.49 3.53 9.04 4.68 3.4 5.72 4.01 4.97 4.27 5.79 3.66 1.76 7.41
"41" 8.94 7.05 3.28 2.04 4.47 7.18 6.6 7.5 8.42 3.84 3.97 4.22 0.65 4.71 7.16 5 6.02 5.03 8.63 4.3 6.58 5.65 4.21 3.34 5.83 8.06 3.11 6.96 3.52 4.19 4.35 4.94 6 6.03 6.4 6.11 3.88 5.1 5.63 3.32 4.12 5.78 4.4 6.73 3.98 5.2 4.29 4.65 2.81 6.89 5.83
"42" 4.98 4.01 4.8 3.14 6.15 1.84 7.53 0.97 5.31 8.2 3.79 5.6 4.94 5.37 1.09 3.81 7.11 3.65 6.92 4.28 5.48 6.34 4.5 5 5.63 3.83 4.46 3.25 2.74 3.86 5.01 3.87 3.11 1.18 5.22 4.79 1.99 4.23 3.66 3.95 5.7 2.72 4.96 4.66 7.11 1.99 6.48 4.77 3.82 4.42 5.22
"43" 6.23 2.92 6.63 7.72 5.47 5.93 5.64 6.03 4.19 5.15 3.38 1.87 5.07 5.59 2.88 4.53 4.31 2.15 7.3 3.5 6.18 1.86 4.3 5.38 7.27 2.84 6.98 8.62 5.02 6.34 9.68 2.22 4.99 4.52 3.04 3.7 3.03 2.81 4.24 4.8 4.71 2.68 3.55 3.86 6.35 4.59 2.88 5.8 3.51 6.72 2.43
"44" 5.29 2.02 7.23 4.56 6.45 4.61 4.2 2.18 4.56 5.42 1.48 3.49 5.61 4.25 5.31 5.16 6 8.03 5.51 4.91 3.82 3.5 2.34 6.91 2.02 4.82 4.51 7.16 2.02 8.21 1.57 6.41 5.53 6.46 6.49 4.42 5.61 3.8 5.55 9.53 0.43 5.56 3.12 2.36 4.36 3.25 4.48 2.71 0.56 4.37 1.88
"45" 6.08 5.57 2.95 4.37 7.19 6.11 4.81 3.88 5.5 5.37 5.7 6.19 6.33 5.92 3.62 3.11 4.07 5.58 0.42 4.65 5.89 5.72 4.25 3.86 1.45 5.18 5.41 7.1 5.41 0.43 7.74 7.85 8.8 9.41 5.2 4.43 3.34 5.88 6.89 2.61 6.4 4.19 6.19 6.18 3.89 4.48 8.49 5.26 2.03 4.98 4.15
"46" 2.19 5.15 4.02 4.85 4.67 6.74 1.15 4.5 2.53 7.74 4.91 5.99 4.95 5.35 5.59 4.24 3.73 8.01 4.92 5.22 7.51 6.91 5.48 5.32 4.57 2.15 3.82 4.31 7.19 3.47 3.89 1.72 7.87 6.19 -0.11 7.61 7.06 8.1 5.58 5.02 5.86 6.46 4.69 6.25 5.19 4.25 5.89 3.57 7.13 4.23 7.01
"47" 6.15 7.36 7.66 5.75 4.53 5.98 5.73 8.04 8.63 7.34 6.45 5.91 4.4 3.52 4.96 7.64 6.15 3.88 3.24 5.12 2.65 4.04 4.13 6.38 4.43 4.02 0.27 3.83 3.97 4.97 5.62 3.7 6.5 0.44 7.22 8.05 6.4 6.07 5.36 2.7 2.54 4.98 7.26 8.4 4.77 6.33 7.53 -1.36 7.14 6.93 4.8
"48" -2.39 3.17 7.16 9.55 4.79 0.92 1.38 2.3 5.52 2.77 6.06 4.68 6.03 3.19 3.58 3.39 3.89 4.28 2.47 9.76 5.26 5.66 2.84 6.48 5.74 5.15 6.73 1.47 3.9 7.65 6.68 5.98 4.9 4.47 3.87 4.49 8.91 6.1 3.52 3.24 4.29 0.88 2.67 6.28 6.78 5.34 5.48 6.01 5.48 3.94 4.58
"49" 6.53 2.9 2.96 6.52 5.7 3.88 4.11 4.2 3.27 7.13 4.58 5.55 4.92 6.67 6.74 2.14 5.22 5.85 3.69 6.97 4.24 4.99 5.53 4.45 3.48 5.95 4.45 5.82 6.48 -1.3 4.12 6.63 2.69 4.65 2.31 4.85 7.27 4.24 4.65 2.01 6.01 1.82 3.2 6.01 2.01 3.29 5.44 1.5 1.39 7.3 5.97
"50" 3.34 6.86 4.63 4.23 3.48 3.49 3.29 6.61 4.8 5.65 5.35 4.42 4.26 6.86 7.86 3.54 3.92 9.58 6.72 4.71 5.88 6.42 5.24 5.57 3.34 6.8 8.24 5.19 1.72 5.95 8.57 2.92 6.6 8.74 3.48 3.57 5.4 6.71 1.76 5.43 -0.52 7.14 2.52 4.84 3.36 7.99 2.26 1.41 5.5 2.44 3.81
"51" 4.91 7.44 2.86 7.87 2.43 5.74 5.91 5.38 4.7 3.67 1.45 5.73 2.27 2.53 2.89 5.89 3.34 4.51 4.18 6.51 3.19 8.99 7.23 6.35 2.54 3.92 3.16 5.73 5.03 3.56 0.06 2.72 3.28 1.7 6.85 6.14 2.24 4.19 6.09 5.71 3.11 3.56 3.7 6.72 0.69 4.52 3.72 3.57 3.23 4.33 6.02
"52" 6.5 6.18 5.51 7.12 2.24 5.29 5.59 6.04 5.31 2.8 6.13 3.26 2.32 3.12 6.46 2.77 2.77 7.02 6.78 6.72 5.36 5.41 3.49 5.31 4.81 7.41 7.31 3.74 4.69 2.57 8.33 3.45 2.09 5.39 5.38 3.46 4.32 5.91 3.81 6.07 3.38 3.28 4.85 5.96 6.01 4.93 1.34 4.41 1.85 8.64 6.51
"53" 9.47 6.96 7.98 4.6 5.86 4.82 4.27 5.66 8.66 5.66 5.79 5.83 7.61 7.74 4.84 1.04 8.46 1.48 4.08 7.76 3.12 5.19 4.79 6.82 6.27 3.14 4.74 3.79 2.54 4.71 5.58 6.01 4.77 1.83 1.43 8.91 7.11 6.35 2.78 3.67 1.35 5.53 3.91 5.04 3.82 7.08 5.12 2.84 4.18 3.38 9.01
"54" 5.45 4.38 3.6 7.41 6.11 4.48 3.61 3.46 6.51 8.72 7.06 7.3 6.37 5.86 7.91 4.77 5.72 3.18 5.15 5.67 2.4 10.5 5.62 6.17 5.22 2.78 5.01 2.32 2.63 9.78 6.94 5.41 6.99 7.46 2.25 4 5.86 1.08 6.09 4.61 5.14 4.88 3.62 7.42 4.15 6.28 3.82 0.65 3.26 4.74 1.43
"55" -0.19 9.22 2.86 1.74 5.59 4.34 7.29 3.51 4.42 6.87 7.39 5.3 5.48 2.82 6.27 2.76 5.8 4.79 3.73 4.9 3.08 3.74 4.87 7.22 1.6 2.39 5.99 7.54 4.3 3.54 6.08 7.62 6.46 2.78 5.59 7.11 3.01 8.1 5.11 7.97 5.84 1.5 4.42 5.13 5.15 6.53 6.36 3.2 7.43 2.67 8.35
"56" 4.14 3.48 2.6 5.26 3.88 4.84 5.64 6.1 3.62 4.69 7.71 6.09 4.48 6.09 4.1 8.4 4.92 4.6 2.67 7.34 6.73 5.61 5.03 2.69 5.52 4.28 3.24 2.89 6.32 4.84 7.53 3.66 1.26 4.63 5.67 -0.43 6.68 6.95 4.67 5.59 5.51 6.01 6.45 3.36 4.51 7.71 6.35 7.56 5.3 4.13 6.78
"57" 4.66 3.62 7.36 2.64 5.65 8.54 5.14 8.26 4.38 4.14 1.65 3.18 4.42 8.85 4.65 5.53 5.68 5.39 4.25 3.12 12.55 3.57 5.47 9.15 5.15 4.36 8.95 2.98 3.29 8.52 2.77 4.88 6.93 2.5 5.57 3.91 5.33 7.27 4.23 3.18 1.31 4.6 1.05 4.17 3.41 4.93 5.81 3.3 5.65 5.38 3.39
"58" 3.71 2.57 6.25 5.37 2.88 2.56 3.95 4.01 5.99 1.92 1.83 3.18 5.43 3.64 3.02 9 7.12 6.7 5.46 5.53 5.24 8.89 2.9 6.28 6.24 1.04 4.2 4.83 3.77 7.71 3.58 6.84 6.21 2.18 4.75 3.52 3.68 0.72 8.29 2.5 6.11 4.87 2.5 3.26 5.75 3.53 4.35 6.14 3.58 6.99 2.47
"59" -0.17 5.82 6.86 2.21 4.92 2.7 5.83 6.92 2.31 2.89 7.38 3.21 1.9 4.3 1.46 7.69 5.75 5.59 3.31 5.39 6.46 3.99 3.8 7.57 3.96 2.29 2.99 5.53 6.9 5.96 7.46 7.33 1.98 6.15 4.48 6.34 4.77 2.87 4.35 5.52 5.96 6.49 5.07 6.91 7.37 3.8 4.43 5.25 2.32 5.42 5.77
"60" 7.06 4.83 4.79 2.86 3.68 5.9 3.56 8.07 6.76 5.06 4.61 8.79 1.81 3.13 7.42 6.87 6.36 2.71 7.27 7.7 10.3 4.99 3.4 5.86 5.4 4.31 5.99 4.9 4.52 5.23 5.42 4.3 7.81 4.64 6.53 6.32 7.92 5.28 5.39 5.24 3.49 6.83 3.87 6.02 3.5 2.89 4.36 7.16 2.07 3.22 5.61
"61" 5.68 2.99 9.78 1.67 5.1 5.05 6.23 6.77 4.5 -1.06 5.28 5.17 3.26 3.3 7.88 3.25 5.38 7.39 8.77 7.04 8.05 4.96 2.06 4.74 4.49 3.75 1.61 3.45 6.08 8.48 -0.47 7.25 0.48 4.71 3.25 5.13 3.63 0.95 5.44 1.41 4.1 4.27 5.41 0.6 5.22 3.89 6.12 3.32 2.31 6.72 3.33
"62" 6.66 0.66 3.11 5.34 5.57 5.25 7.87 0.87 5.59 1.94 3.51 4.07 4.15 5.55 2.09 6.73 3.24 7.85 5.55 5.09 3.89 5.19 4.16 4.52 3.44 5.03 4.8 4.08 5.42 3.83 4.1 6.2 0.24 2.25 3.97 1.31 5.79 6.49 4.58 5.76 3.64 3.17 4.3 8.18 7.99 4.22 4.13 5.83 9.57 3.47 3.29
"63" 4.77 6.09 5.04 5.86 0.68 5.06 8.57 3.7 6.48 2.16 7.32 5.22 6.03 4.92 5.18 6.3 8.21 7.39 6.84 1.78 1.81 4.69 3.71 3.32 2.5 2.47 6.69 5.17 6.78 3.5 3.92 2.15 7.16 3.46 6.87 7.66 6.05 6.53 3.73 3.67 4.31 2.53 4.69 3.34 5.18 3.32 4.29 4.89 3.17 6.45 3.54
"64" 5.43 5.26 5.68 4.68 3.12 4.04 6.09 9.63 0.4 2.63 4.5 2.76 2.35 6.64 7.69 4.83 -1.07 8 5.01 4.07 4.01 0.97 3.99 7.6 3.89 7.43 7.78 3.26 6.51 3.38 5.37 3.59 4.01 4.05 6.92 4.35 6.45 2.46 5.35 2.99 1.4 5.79 -0.45 4.34 4.61 3.32 7 7.76 2.93 3.46 7.22
"65" 2.72 3.88 4.34 1.99 1.87 5.7 2.75 3.24 6.79 1 6.29 1.84 5.83 7.75 4.85 5.69 2.12 7.14 6.72 6.69 6.04 3.96 4.14 6.68 5.76 5.49 9.3 6.41 8.08 6.11 0.92 3.14 3.62 4.53 5.81 3.43 2.11 6.06 5.54 1.35 6.43 5.21 7.14 5.4 2.79 5.71 4.66 5.86 4.53 6.95 6.66
"66" 4.64 5.35 2.51 1.48 4.34 5.16 4.03 5.21 3.33 3.1 7.1 2.9 5.89 10.18 4.1 5.37 4.65 1.56 2.96 9.39 6.06 8.46 5.24 4.42 8.22 2.23 1.77 7.42 4.71 6.07 3.73 8.81 9.21 5.21 3.04 1.96 2.13 5.53 5.19 5.2 6.81 4.91 4.48 6.39 6.05 6.91 6.04 6.55 4.84 5.59 5.17
"67" 5.52 5.22 6.42 1.55 3.72 7.46 6.28 3.15 4.59 2.49 2.37 6.04 0.99 -0.31 4.55 4.95 7.25 3.82 6.12 4.19 4.1 6.16 6.02 7.85 6.28 2.93 6.93 3.94 10 6.49 4.95 1 6.13 1.91 4.88 2.1 2.23 6.24 5.91 6.51 1.79 3.89 4 5.86 4.07 3.77 5.68 4.17 5.55 5.11 5.19
"68" 5.84 3.37 7.36 5.41 6.26 3.28 4.18 1.7 3.62 8.24 4.73 7.4 3.61 2.8 3.58 4.35 8.52 5.08 4.97 2.64 6.21 1.36 -0.17 6.82 2.36 5.63 3.07 6.96 6.15 3.89 3.72 3 7.16 5.58 2.12 5.01 6.33 6.95 6.1 6.34 9.97 3.79 8.62 3.52 7.75 4.61 2.9 2.42 5.7 7.73 6.04
"69" 7.61 7.88 3.05 3.13 8.75 3.33 5.39 7.98 0.43 6.43 4.9 7.62 5.88 8.8 -1.14 3.22 3.81 5.25 3.95 6.38 5.05 5.28 3.36 3.78 2.77 4.25 4.68 2.31 6.89 6.23 5.91 0.81 6.32 6.33 4.52 4.12 6.63 7.52 5.83 3.38 5.36 5.38 3.53 8.23 6.12 2.9 6.28 3.91 6.21 4.93 7.61
"70" 5.14 1.07 2.6 2.14 6.79 1.04 4.37 7.09 5.55 0.54 6.65 6.22 6.19 7.68 8.03 4.08 8.17 5.12 7.28 7 8.18 7.31 6.61 4.11 5.71 2.91 8.49 6.28 7.91 5.29 4.55 6.73 4.02 5.58 3.17 4.34 7.51 5.55 2.21 6.39 3.82 7.11 5.14 5.63 4.82 6.15 4.75 7.26 7.49 7.91 2.29
"71" 7.14 0.09 7.85 8.48 7.09 2.98 4.84 4.65 5.15 5.04 7.82 5.72 4.4 3.39 6.17 1.04 9.87 8.92 5.15 1.83 3.97 3.59 9 5 3.89 4.2 6.35 5.6 2.59 3.93 8.82 1.96 3.39 6.13 4.93 5.38 2.17 4.85 4.97 1.81 4.29 3.43 7.32 7.27 3.58 4.73 4.01 4.97 3.92 4.93 6.05
"72" 4.09 6.7 3.2 2.9 6.12 4.14 7.67 5.57 4.95 1.18 5.27 5.18 6.43 4.15 3.49 3.08 5.39 6.48 2.88 5.87 5.52 3.84 6.68 7.68 4.56 3.32 5.51 3.51 4.19 3.42 3.9 8.38 3.42 2.28 0.04 3.78 6.79 6.73 3.81 7.23 5.56 5.42 2.5 7.44 5.44 3.21 6.42 6.53 5.2 6.19 7.14
"73" 10.7 4.46 5.96 3.71 7.86 4.76 4.08 0.44 4.9 3.91 5.87 3.3 4.92 5.04 3.52 5.78 2.92 2.82 2.37 4.49 2.89 5.72 3.74 4.69 7.86 2.53 0.83 5.53 7.27 4.65 3.68 6.31 7.5 7.24 6.95 5.89 1.77 6.3 6.06 3.42 5.04 1.8 5.22 2.83 8.37 9.17 0.36 4.21 3.12 3.24 3.56
"74" 5.31 6.76 3.49 6.07 6.88 7.84 7.86 2.87 3.53 4.07 4.54 2.5 4.01 6.47 5.21 7.74 4.62 1.75 8.96 3.8 4.66 6.32 8.98 4.08 4.81 5.4 8.99 3.35 6.34 5.98 8.95 7.46 3.95 5.68 6.16 5.65 4.57 5.02 4.19 6.65 6.55 5.11 3.54 4.28 3.69 5.44 5.05 2.59 3.88 5.73 1.89
"75" -1.73 5.78 2.64 8.61 6.09 6.94 9.62 5.1 5.61 1.76 3.11 5.42 5.65 8.09 2.85 4.85 0.99 3.07 4.26 3.79 3.9 4.46 10.99 6.37 6.74 6.42 4.61 2.41 6.2 7.36 4.22 2.66 6.36 3.77 4.77 6.79 8.98 8.05 3.17 9.84 8.17 3.09 1.88 3.54 3.75 6.13 8.87 5.98 2.75 6.09 3.28
"76" 4.21 9.25 4.69 6.26 6.96 3.95 6.2 4.88 5.28 5.25 4.74 5.46 4.76 7.91 5.42 4.35 6.41 3.09 6.57 10.16 8.71 5.8 2.91 4.85 4.88 8.39 5.62 7.25 5.09 6.22 5.41 5.43 9.27 2.68 2.36 8.79 4.46 5.74 5.77 4.5 5.51 6.43 6.59 3.9 4.94 6.04 3.89 2.31 1.83 2.56 2.24
"77" 10 8.19 4.94 8.25 4.46 4.96 3.09 3.84 5.51 5.99 7.09 5.45 8.07 1.42 6.23 6.09 3.5 3.84 5.14 4.88 5.99 3.99 3.95 3.11 4.76 5.62 3.56 8.1 6.24 4.24 1.55 8.61 6.19 4.63 2.08 7.41 4.74 4.52 6.34 4.39 5.87 3.72 6.84 6.76 3.29 6.25 1.44 5.69 4.86 6 4.8
"78" 6.51 7.6 7.07 2.92 5.88 5.61 4.43 6.83 3.06 4.71 5.26 2.3 6.11 5.61 6.87 7.67 4.83 5.35 8.84 3.86 2.92 4.15 6.1 3.76 4.76 6.52 3.96 3.16 6.14 5.98 5.17 4.42 3.7 3.53 7.12 7.2 8.69 3.76 0.6 6.9 3.7 5.88 4.46 4.22 6.12 4.26 5.36 1 5.48 1.65 2.99
"79" 5.3 2.58 5.08 6.34 3.83 5.3 5.06 5.08 7.65 2.67 2.12 4.45 9.42 7.25 6.38 5.27 6.86 5.23 4.07 6.99 7.45 4.62 2.96 5.83 6.23 5.17 5.45 3.88 6.07 5.93 5.98 6.58 6 5.95 2.85 6.86 5.36 5.15 3.32 5.56 6.88 3.93 2.47 5.67 3.12 6.45 6.07 5.45 4.32 7.71 4.25
"80" 2.48 7.49 5.12 4.04 5.81 4.35 4.39 4.95 5.04 2.6 3.31 5.21 6.44 8.73 6.33 5.27 5.76 6.26 0.92 6.29 2.01 3.65 4.85 7.54 2.76 5.71 4.75 1.06 6.37 3.76 3.93 4.07 4.16 8.41 4.93 2.3 3.2 5.69 2.01 4.33 7.04 4.45 11.77 2.69 2.23 5.86 5.23 6.52 2.88 5.78 7.95
"81" 3.47 5.42 6.62 4.18 2.91 4.2 6.17 5.76 6.87 6.96 3.58 6.61 4.82 6.18 5.65 7.16 -0.09 2.73 3.39 6.63 5.25 3.57 6.44 6.4 5.08 5.43 1.73 3.55 4.12 4.65 -0.23 2.4 7.48 5.58 5.8 6.45 5.63 6.58 3.25 1.95 5.31 8.2 3.11 5.04 4.25 7.17 4.42 2.06 2.76 4.95 5.64
"82" 6.42 5.89 1.2 2.63 6.45 6.53 2.01 6.37 6.76 1.1 3.81 7.26 3.82 4.13 3.4 7.01 3.82 5.66 6.15 6.44 5.19 6.53 7.28 2.94 3.59 5.9 4.26 6.71 5.51 4.28 4.13 4.7 2.76 2.56 2.45 5.28 8.17 8.05 5.91 6.4 6.06 6.04 4.73 7.48 8.91 3.61 4.2 2.56 6.67 7.45 7.56
"83" 7.54 3.01 8.39 6.96 4.12 4.76 5.52 5.68 4.57 6.69 6.62 2.82 3.66 8.1 6.06 1.31 7.77 4.25 5.45 4.77 9.45 2.89 5.7 7.12 6.12 4.75 8.48 3.7 4.37 4.34 6.33 3.43 6.05 6.94 2.09 4.37 3.56 5.5 -0.95 4.72 5.85 3.43 3.49 6.93 6.6 7.41 2.49 1.45 3.26 5.38 4.37
"84" 2.79 4.21 4.56 2.53 4.71 2.07 5.93 8.3 4 0.57 4.73 3.77 9.84 7.71 5.99 0.26 6.12 2.58 10.69 5.27 6.87 6.1 4.59 0.19 4.07 3.93 6.91 4.56 4.52 6.22 6.37 0.85 3.48 6.39 5.71 7.53 3.12 3.68 6.97 2.99 3.7 7.44 7.33 8.86 4.58 1.75 7.7 7.73 4 5.01 2.28
"85" 5.92 1.88 5.95 7.53 0.02 6.63 4.78 4.7 5.57 3.92 8.64 3.22 6.99 6.3 3.37 6.41 3.94 3.55 5.92 7.58 5.99 5.22 2.82 3.33 7.86 0.6 5.19 4.25 4.93 6.42 3.48 4.17 5.09 4.45 2.62 5.58 5.07 3.57 6.51 7.71 8.11 5.23 3.54 5.49 5.5 4.05 2.43 5.15 3.92 4.66 2.79
"86" 5.52 6.05 4.19 2.82 4.63 7.34 0.07 0.96 6.79 5.61 4.59 7.36 3.88 2.44 4.04 6.18 3.31 9.12 4.3 5.05 7.3 4.06 4.44 3.94 8.14 4.41 8.15 6.39 3.6 5 4.75 2.42 3.4 6.93 5.08 4.68 1.62 5.94 2.01 7.17 4.48 3.87 5.88 5.29 5.27 5.05 3.59 3.95 2.39 4.03 3.94
"87" 3.32 4.99 4.23 4.4 2.15 8.04 6.64 6.98 6.33 6.02 5.21 4.56 2.15 6.62 4.12 -0.15 5.38 4.07 2.5 2.52 5.03 4.42 4.26 3.3 6.76 2.17 8.97 1.65 2.79 3.43 6.2 3.05 5.96 9.06 4.79 5.63 5.53 8.21 5.73 6.68 5.21 5.82 7.08 4.32 6.95 6.89 2.47 7.09 9.46 7.13 4.91
"88" 6.43 5.98 1.91 1.43 8.5 5.29 5.31 3.32 6.53 4.81 5.33 5.22 6.26 4.76 4.91 6.59 2.99 3.3 8.58 6.83 6.23 3.52 3.44 6.74 6.27 6.83 3.27 0.26 5.07 4.51 4.46 4.8 3.42 1.81 5.18 2.89 2.83 8.66 3.17 8.19 3.31 7.88 4.47 7.36 4.62 1.8 3.25 5.15 6.33 6.73 3.75
"89" 6.72 1.43 5.12 7.68 3.06 2.33 4.53 5.46 6.45 6.22 7.3 8.02 7.31 1.35 5.74 1.86 5.16 5.66 3.8 3.32 4.63 2.89 7.25 5.25 0.44 0.57 4.42 3.97 6.74 4.42 3.67 6.62 3.55 6.92 4.18 5.47 4.15 2.8 4.36 3.96 -0.26 4.9 5.17 2.53 8.52 5.75 6.17 5.6 3.36 4.38 6.85
"90" 6.37 3.63 5.93 2.91 0.12 6.26 5.57 8.02 6.26 5.85 5.2 5.64 6.73 7.31 4.46 9.28 1.97 3.82 8.37 3.28 6.34 6.53 6.76 2.88 5.93 3.06 4.08 9.2 4.27 3 5.71 5.49 1.87 7.09 6.36 8.31 7.21 5.52 5.53 5.34 6.56 5.47 6.42 0.57 7.84 8.07 5.55 2.38 4.52 6.17 3.83
