"V1" "V2" "V3" "V4" "V5" "V6" "V7" "V8" "V9" "V10" "V11" "V12" "V13" "V14" "V15" "V16" "V17" "V18" "V19" "V20" "V21" "V22" "V23" "V24" "V25" "V26" "V27" "V28" "V29" "V30" "V31" "V32" "V33" "V34" "V35" "V36" "V37" "V38" "V39" "V40" "V41" "V42" "V43" "V44" "V45" "V46" "V47" "V48" "V49" "V50" "V51" "V52" "V53" "V54" "V55" "V56" "V57" "V58" "V59" "V60" "V61" "V62" "V63" "V64" "V65" "V66" "V67" "V68" "V69" "V70" "V71" "V72" "V73"
"1" 7.29 7.89 6.14 7.18 5.21 4.41 6.51 8.73 4.59 3.68 5.61 6.62 6.06 3.77 3.48 5.47 6.19 2.31 3.99 8.75 3.38 8.05 5.25 4.06 6.87 6.87 2.62 3.04 4.84 4.1 2.75 9.63 4.79 4.63 6.56 5.28 5.57 3.78 3.91 5.53 5.87 1.83 2.47 4.99 4.6 4.19 5.13 3.4 5.02 6.04 4.77 5.26 5.3 3.86 7.28 5.84 7.27 6.31 4.51 4.38 5.17 7.4 2.94 5.73 3.52 8.35 4.02 6.95 3.48 6.99 2.52 5.45 5.1
"2" 3.99 3.85 2.03 3.25 5.31 6.45 7.97 9.04 5.17 2.51 3.51 1.28 7.69 3.53 3.51 6.84 6.23 2.52 0.49 2.83 5.47 7.63 4.19 7.09 8.39 2.92 7.48 5.92 5.54 5.02 2.18 3.17 3.06 4.98 5.33 4.23 3.94 4.18 5.17 6.11 4.88 6.47 6.1 1.97 5.56 4.85 5.58 3.81 7.11 5.33 5.51 6.72 3.88 0.99 6.32 3.92 3.45 6.55 1.49 6.53 4.18 2.25 6.42 4.36 3.61 3.85 5.34 2.64 6.1 6.91 3.76 6.93 6.31
"3" 7.19 5.25 4.64 9.63 5.17 13.71 5.96 1.84 4.29 4.74 3.82 6.28 1.62 5.91 0.15 5.73 3.17 1.6 4.26 8.22 6.34 3.87 4.05 4.96 6.8 5.8 5.38 5.21 5.88 4.33 4.3 1.6 5.18 5.99 2.86 5.22 6.9 5.41 7.74 5.95 2.7 9.23 4.11 6.08 7.27 5.82 5.2 5.5 6.43 6.4 2.9 4.97 2.25 6.64 6.42 2.87 2.85 4.3 4.32 8.05 0.31 5.26 6.83 6.19 3.08 3.44 2.68 8.13 6.8 7.09 2.25 2.74 3.91
"4" 5.4 4.17 1.59 1.47 5.54 2.66 5.22 7.34 4.78 3.72 5.1 4.49 3.24 6.58 1.96 6.26 5.29 3.02 4.31 6.32 3.48 5.09 6.78 3.87 7.32 7.43 9.3 2.92 5.86 2.69 7.09 4.37 4.86 3.63 5.34 3.62 3.09 5.06 6.06 5.78 7.41 6.38 4.71 6.38 2.06 0.57 6.42 5.33 7.26 2.27 3.74 5.47 3.01 4.27 7.4 4.97 4.76 6.29 4.11 5.31 2.33 4.09 6.84 6.61 6.02 6.12 6.81 2.71 6.53 9.86 3.93 2 8.01
"5" 6.39 1.64 4.21 4.29 3.4 6.31 4.81 6.82 2.39 6.15 4.65 6.05 4.05 9.14 5.99 6.93 4.54 8.41 1.16 5.29 5.56 5.15 5.24 5.12 7.67 2.58 6.64 3.91 5.2 4.23 7.14 3.84 4.19 7.89 5.46 5.39 8.58 4.32 1.09 6.54 6.72 6.93 0.19 3.63 5.98 8.81 2.26 5.81 2.81 7.28 3.28 4.05 6.83 5.23 4.63 4.17 1.48 4.75 4.04 4.66 4.67 3.36 4.13 1.72 1.01 5.97 4.8 4.98 4.6 7.57 2.22 5 4.69
"6" 7.71 4.5 8.53 6.32 1.84 6.31 6.65 7.48 5.68 1.07 3.16 2.8 1.17 3.72 7.12 6.29 8.45 2.36 5.62 9.01 7.25 6.65 2.58 3.4 3.42 5.87 1.77 5.69 2.32 4.8 4.73 6.7 3.39 4.53 4.52 2.94 6.22 9.31 3.59 5.08 6.67 4.22 5.91 3.77 4.48 6.08 5.76 2.38 5.42 6.03 4.95 8.41 4.71 4.27 3.85 6.54 1.4 2.34 6.49 9.51 6.27 4.77 8.5 2.83 5.36 3.3 1.22 5.44 7.1 5.39 7.76 6.68 4.17
"7" 6.06 3.76 5.39 10.7 7.93 9.51 4.47 2.47 6.59 5.4 3.89 5.9 2.6 4.62 5.57 3.9 6.97 4.92 6.54 7.38 5.8 0.63 6.25 8.06 4.8 5.29 9.53 1.09 3.88 2.16 4.41 7.85 4.11 6.11 6.74 2.67 7.02 3.39 7.65 7.09 5.16 2.31 4.67 6.47 4.74 4.72 5.34 3.96 6.08 6.98 3.62 8.45 0.55 4.09 5.97 4.44 1.34 6.68 4.19 6.11 5.05 7.15 5 3.78 3.79 7.88 2.9 6.03 2.42 5.07 5.53 7.27 3.92
"8" 6.23 5.78 5.47 3.13 2.94 2.85 5.85 4.49 3.64 4.01 5.04 3.64 2.68 3.97 5.82 5.89 4.73 2.24 0.74 2.24 3.8 3.63 7.47 1.33 4.13 6.53 8.11 4.21 5.56 6.52 4.11 2.83 3.82 5.6 4.84 7.36 6.26 6.47 6.47 3.93 4.75 6.63 7.54 3.96 4.29 4.06 7.12 7.34 4.09 6.62 0.79 5.45 3.01 7.25 2.18 6.95 1.72 1.19 1.89 2.93 7.24 3.62 4.66 2.92 7.01 3.24 3.88 6.36 0.23 7.75 0.79 7.02 4.51
"9" 4.2 3.46 2.21 7.72 5.24 2.95 0.81 4.39 4.56 8.82 6.7 6.52 6.27 8.53 6.84 9.74 7.45 4.03 5.5 2.15 4.36 2.88 8.11 6.39 5.92 5.47 3.53 4.14 3.34 8.22 7.5 3.54 6.5 1.77 2.84 4.63 3.43 5.3 0.97 1.79 4.54 4.34 1.47 4.45 11.66 1.32 7.26 5.7 4.01 -0.36 6.7 6.55 5.6 4.94 5.68 10.03 4.59 7.4 2.43 5.73 5.44 2.62 0.83 7.01 2.93 6.15 8.98 5.49 2.66 4.1 0.7 0.76 5.05
"10" 6.17 4.41 6.34 4.1 9.2 7.05 7.72 7.67 3.62 5.05 3.14 6.38 2.1 4.23 8.5 5.75 8.75 7.89 5 2.97 5.64 6.51 1.23 5.78 5.23 4.47 0.42 4.29 5.29 5.5 4.56 3.74 7.57 4.6 2.06 4.68 7.17 6.19 3.48 8.66 6.67 6.12 7.87 4.53 9.42 7.67 8.34 4.64 2.67 7.54 5.06 6.26 4.56 2.35 5.33 8.84 5.19 5.22 5.34 3.7 3.03 3.61 4.9 7.86 0.43 6.19 1.9 1.9 7.77 5.77 4.8 4.61 5.06
"11" 5.64 4.59 5.43 1.89 7.79 6.67 1.05 3.29 6.67 2.17 2.78 4.83 5.32 3.03 4.7 4.49 8.74 4.65 3.09 4.27 4.6 3.86 6.82 2.69 6.27 6.14 4.58 2.2 2.55 5.19 4.95 1.8 5.48 7.2 6.49 5.97 4.68 3.39 2.94 6.19 8.43 5.19 4.77 7.65 6.1 4.66 0.6 7.94 8.2 6.88 1.98 5.68 7.34 6.18 6.74 5.99 3.63 3.68 7.48 3.72 6.25 3.71 5.68 6.63 6.65 5.56 6.72 9 4.7 6.31 8.83 4.03 5.86
"12" 5.46 3.85 1.64 1 3.29 4.84 8.65 5.97 8.3 7.64 4.7 9.2 6.06 5.77 6.81 4.58 6.63 5.26 4.47 7.8 7.15 2.2 4.86 5.68 6.47 6.2 5.02 4.06 5.3 6.91 4.08 3.44 3.56 5.62 6.86 5.83 4.71 8.35 5.15 2.18 4.5 5.42 6.62 6.27 2.71 4.7 3.16 3.77 7.84 4.63 1.72 4.43 1.57 10.41 4.32 1.51 4.33 5.45 6.03 6.32 2.75 2.16 10.71 4.29 1.77 3.35 5.35 4.99 4.67 4.8 5.16 7.33 3.01
"13" 5.56 6.71 2.95 9 4.35 2.83 4.21 7.29 2.28 2.31 11.38 4.87 8.87 2.97 7.38 2.63 7.19 3.69 6.86 5.53 4.06 2.1 7.58 7.9 5.52 6.13 7.94 5.17 5.48 5.47 6.1 6.67 3.02 7.42 8.21 5.41 0.93 3.82 7.79 5.35 2.36 6.71 3.59 6.67 6.23 4.73 5.67 4.35 3.46 6.98 6.56 6.41 9.12 6.93 3.26 2.09 0.94 5.49 7.19 4.99 6.27 1.69 4.81 6.03 4.75 3.68 4.5 6.44 2.29 4.38 3.27 4.74 7.38
"14" 2.51 7.11 4.65 8.16 3.24 4 3.7 8.25 1.41 2.61 6.27 8.27 1.51 2.41 3.88 4.19 3.46 3.39 5.28 4.09 5.62 5.59 3.8 6.44 6.23 6.66 6.39 6.51 2.08 5.2 1.91 1.28 4.08 7.45 5.2 2.67 6.47 4.86 2.36 7.46 5.56 3.42 5.49 3.41 6.83 4.13 6.03 6.8 4.78 5.91 4.28 9.57 7.26 4.2 5.15 3.37 8.45 5.05 5.47 6.32 2.62 6.13 1.56 2.83 8.05 3.01 6.07 2.18 7.61 6.62 2.45 2.48 6.27
"15" 5.67 4.05 4.97 3.57 5.79 4.15 7.14 3.99 5.01 4.56 4.24 1.71 3.67 8.2 7.36 7.13 4.61 1.73 3.14 6.31 1.87 9.69 3.81 6.43 5.68 4.69 5.47 5.01 6.33 8.27 7.43 6.48 4.05 4.41 8.86 3.67 6.76 4.97 2.68 0.96 4.43 2.32 5.61 3.82 3.65 6.08 3.38 4.52 6.04 7.92 1.79 6.54 4.21 5.02 6.86 5.83 4.82 8.09 3.83 6.9 6.06 5.86 5.43 5.2 7.76 5.52 5.41 4.15 6.83 2.22 3.87 7.56 3.98
"16" 8.42 3.75 5.83 4.11 2.51 6.69 9.1 5.4 5.61 4.83 5.41 1.13 4.99 1.86 4.59 2.86 5.78 6.35 6.96 5.55 9.52 4.31 7.57 6.81 1.65 0.25 6.62 4.03 5.69 4.4 2.53 4.91 5.23 5.1 4.66 2.58 3.71 4.72 4.2 5.81 6.99 6.89 5.44 2.71 3.78 4.13 4.7 7.07 2.06 4.32 1.08 3.12 8.21 6.3 3.67 4.68 3.97 3.41 8.64 0.81 1.92 4.26 5.9 1.6 5.81 4.11 4.76 3.7 5.63 9.62 5.44 4.72 4.71
"17" 2.92 2.88 3.44 10.28 8.12 4.08 7.07 3.33 9.23 5.37 5.72 4.87 4.48 6.05 8.5 4.46 6.65 5.56 9.27 6.2 0.46 2.38 6.71 4.45 6.71 5.88 3.57 4.67 6.79 4.41 3.61 3.2 6.49 4.87 5.57 8.13 0.33 6.21 3.61 4.83 5.71 11.08 7.72 3.53 8.75 5.7 6.86 2.98 6.47 4.9 4.33 3.6 4.2 3.39 7.58 4.61 4.93 5.47 6.1 4.77 3.19 3.4 3.45 7.23 7.66 6.23 5.83 5.1 4.7 5.37 9.79 6.2 6.24
"18" 5.06 5.72 2.47 4.13 3.48 8.41 7.05 3.61 5.63 3.59 6.26 5.71 1.93 6.03 7.33 3.53 6.64 4.82 4.13 4.59 5.02 8.4 2.86 5.86 4.88 1.85 6.5 6.61 4.61 3.33 4.06 2.03 0.69 7.13 4.5 6.98 7.05 2.64 4.5 1.62 4.58 3.93 6.69 2.81 4.63 7.92 3.05 3.89 6.94 3.69 3.58 4.98 3.05 6.16 6.24 4.59 4.78 6.24 5.5 5.39 5.14 6.61 5.58 4.75 6.12 3.85 3.45 6.9 5.75 4.77 5.42 6.45 5.11
"19" 4.17 4.1 4.91 7.68 7.32 1.11 7.34 5.22 2.9 1.74 0.41 3.26 5.5 7.06 6.57 5.24 3.5 4.35 7.39 6.73 1.8 3.69 4.21 7.12 7.61 6.9 7.56 5.16 4.68 3.65 8.37 8.45 1.46 8.8 4.21 4.67 0.61 6.4 4.68 2.35 2.76 10.8 6.59 3.51 7.12 6.55 4.88 7.1 5.91 6.88 4.99 6.27 2.67 4.4 4.25 6.85 0.05 2.92 2.22 2.89 3.41 4.28 1.93 5.34 3.89 3.89 4.56 4.51 3.77 2.82 4.68 2.85 3.43
"20" 2.7 3.93 7.4 4.91 3.62 4.85 4.93 5.89 1.67 5.27 3.56 8.99 5.36 5.23 7.36 3.42 5.58 5.71 4.45 3.82 5.59 4.49 2.01 3.77 4.94 8.78 3.92 8.12 4.51 5.69 5.6 3.41 7.47 5.96 5.04 3.59 4.78 3.49 5.7 2.4 4.68 6.79 6.7 6.26 4.75 5.19 5.74 3.84 8.49 4.3 2.56 3.27 4.18 8.61 5.53 5.3 5.51 6.02 0.92 -0.43 6.41 6.8 4.58 7.38 2.92 3.52 7.37 5.77 1.93 5.69 5.96 8.22 5.52
"21" 4.2 7.46 2.32 6.12 3.42 6.21 2.97 1.9 0.25 7.1 4.22 5.38 7.51 5.71 8.82 6.01 3.31 5.09 5.11 1.79 5.71 1.58 5.15 7.33 0.6 5.51 4.07 5.02 4.68 3.39 5.53 5.25 4.03 4.53 5.31 5.76 3.22 4.16 3.4 3.61 1.68 5.06 11.02 3.61 4.76 4.49 9.12 5.18 2.84 3.66 5.23 6.81 3.52 6 5.74 4.47 6.31 5.82 6.65 2.54 6.38 2.49 4.85 3.44 4.03 7.58 5.45 7.44 5.54 6.72 6.3 6.87 4.24
"22" 5 11.47 5.63 2.66 1.4 6.46 5.22 4.29 3.54 4.96 1.93 8.83 3.45 5.07 4.28 4.41 7.8 5.34 6.32 4.97 8.59 4.13 2.44 4.49 4.58 6.15 2.76 2.82 6.97 4.51 7.82 7.38 6.06 5.14 6.15 7.41 0.04 5.01 4.42 5 6.51 4.59 9.69 3.73 7.8 2.68 5.36 6.07 1.92 4.48 2.8 8.9 5.37 8.33 4.66 4.63 3.89 3.3 4.15 1.77 6.65 5.28 7.69 7.08 8.48 1.74 3.4 3.9 5.1 7.48 5.54 3.09 -0.43
"23" 6.73 6.56 3.03 4 4.87 3.22 6.16 6.81 6.57 3.12 3.08 7.29 6.94 4.13 6.86 3.21 5.5 3.32 3.44 3.39 4.56 5.66 7.67 7.84 6.47 4.27 4.39 2.87 2.49 4.51 2.87 4.22 4.31 2.36 3.88 3.15 5.52 7.51 5.29 7.95 2.57 3.5 2.9 5.98 3.47 1.4 1.71 3.88 7.45 4.86 4.28 4.75 2.98 4.11 8.89 7.88 6.41 0.9 4.36 5.69 0.76 6.37 4 4.47 4.51 2.23 2.87 6.02 1.8 5.08 3.71 5.58 3.82
"24" 3.64 4.21 5.37 0.77 7.74 7.78 1.89 5.47 4.13 3.04 5.78 6.38 8.47 5.15 8.98 6.23 6.38 6.01 4 5.78 1.43 5.36 1.52 3.83 5.4 5.67 4.77 6.64 2.09 7.65 5.39 5.85 3.18 6.08 3.99 5.74 2.59 3.89 5.34 4.28 5.28 3.16 6.37 4.9 1.53 8.22 2.59 6.58 2.26 6.76 3.81 3.28 2.48 6.55 4.15 4.82 2.08 4.78 2.36 6.24 5.31 3.49 2.88 4.2 4.76 1.51 4.09 4.58 5.02 3.39 7.81 3.02 8.42
"25" 3.48 4.37 6.26 2.75 5.38 4.11 5.11 3.42 2.28 3.98 1.33 7.71 6.85 5.75 1.94 5.66 5.58 5.57 7.95 2.86 5.79 7.4 6.54 4.94 5.95 1.6 1.57 4.68 5.51 6.13 4.98 1.41 0.14 4.29 2.78 3.07 7.41 4.57 7.12 7.06 6.08 6.71 5.15 2.09 1.01 4.83 8.65 5.07 5.55 2.38 7.4 5.6 2.57 3.17 7.36 6.37 3.02 8.03 4.99 8.44 7.01 7.81 4.08 1.33 6.82 3.25 5.34 2.1 2.27 3.72 4.41 7.02 4.39
"26" 4.2 2.6 7.16 3.61 4.76 8.27 5.38 6.72 2.38 3.12 7.71 2.86 7.03 -1.24 7.07 5.66 9.08 7.77 7.79 5.9 6.04 6.85 5.1 4.1 5.18 4.13 2.7 5.85 4.56 4.85 5.84 6.4 4.58 3.01 4.05 7.51 3.81 3.4 8.42 2.9 4.09 4.28 1.5 7.92 7.51 8.7 5.39 4.15 5.04 2.13 5.77 4.06 2.3 4.45 7.8 4.61 3.84 5.45 5.18 3.24 2.63 6 5.27 4.33 1.76 6.89 5.21 7.99 4.88 9.58 5.11 2.83 3.29
"27" 4.64 3.92 9.89 5.33 1.22 4.63 3.68 7.33 4.42 2.75 9.52 3.75 4.02 3.02 10.05 5.14 5.56 5.13 7.05 3.24 4.04 4.44 6.27 4.6 2.78 0.94 1.6 6.1 3.31 3.06 3.32 3.81 6.13 7.23 3.57 7.78 2.19 4.91 3.31 3.5 7.39 4 8.53 6.38 4.04 5.48 3.19 0.7 7.02 10.97 6.77 3.73 6.61 3.95 4.61 7.33 4.76 4.29 5 5.18 3.56 3.07 7.43 4.58 3.57 8.43 4.07 4.63 2.59 2.95 6.58 -1.33 5.69
"28" 4.8 4.41 4.63 7.52 6.27 7.59 4.17 4.55 6.39 4.56 4.97 10.06 7.19 4.68 1.11 4 4.45 3.6 3.73 8.76 9.5 4.09 2.79 5.69 3.26 4.58 7.32 5.25 5.41 4.55 5.87 3.7 6.85 4 5.35 4.06 2.91 4.95 0.86 9.25 4.7 5.14 2.81 4.9 1.15 6.39 4.75 5.98 6.55 4.02 4.41 4.13 8.84 8.88 2.76 4.78 7.16 5.55 7.43 0.7 1.27 6.71 4.82 4.66 3.94 4.71 5.16 5.02 8.79 6.16 6.25 4.31 3.07
"29" 1.57 7.69 5.46 3.26 3.95 6.47 7.62 9.14 5.79 3.01 5.45 7 6.13 6.26 4.29 2.97 4.52 5.69 9.14 6.06 8.13 6.76 4.17 4.93 0.31 5.6 4.09 5.45 5.76 3.01 0.26 10.95 4.48 1.07 3.43 1.81 7.19 3.17 7.82 7.42 4.43 6.02 2.36 4.31 2.85 6.48 8.76 6.58 3.81 1.9 5.88 6.6 3.99 2.81 7.26 7.87 0.88 7.39 2.95 4.03 6.95 5.67 4.65 2.03 4.55 6.69 2.75 7.47 1.97 6.74 1.99 4.51 3.75
"30" 4.91 5.42 2.04 9.11 6.58 6.72 4.04 3.53 7.05 6.37 7.08 8.19 4.28 5.35 6.99 6.41 5.09 5.78 8.88 5.47 4.74 5.93 5.66 3.13 5.36 1.7 4.86 2.92 4.99 0.34 1.28 6.02 5.46 4.12 2.62 6.72 5.15 4.87 4.35 6.91 2.71 4.98 5.37 2.53 6.82 4.02 6.61 3.01 8.8 3.21 3.29 4.68 4.03 4.77 6.33 5.05 6.03 1.53 5.52 0.44 4.01 2.78 5.46 3.42 6.21 4.59 2.6 4.44 3.93 7.4 2.69 3.34 6.26
"31" 7.82 4.96 6.3 5.58 4.31 3.77 1.65 4.56 5.11 4.93 5.99 1.95 1.68 5.8 3.15 6.33 6.55 5.27 4.48 3.74 6.7 5.41 8.15 4.53 2.35 5.01 6.95 5.94 6.15 2.64 2.99 7.57 7.15 3.64 1.22 3.93 4.24 10.78 4.83 4.63 6.47 4.41 5.84 4.23 4.05 4.2 3.09 5.97 3.41 7.99 6.1 4.9 5.36 3.33 3.63 2.74 3.83 5 5.75 5.84 0.02 6.87 6.33 6.98 5.06 6.8 3.97 6.29 8.27 4.88 3.02 4.35 6.83
"32" 3.55 4.35 7.11 2.11 5.68 9.71 4.09 6.96 5.41 4.1 4.67 8.04 5.18 6 0.72 4.99 5.3 10.26 2.33 5.01 6.46 5.28 3.9 8.79 9.38 6.81 3.92 4.47 8.04 3.45 5.21 7.08 2.85 1.68 7.92 0.48 6 6.9 5.89 7.04 4.48 4.71 3.32 4.96 5.75 3.41 3.35 7.42 3.5 6.03 6.26 6.12 5.33 4.95 3.04 6.05 5.35 5.23 5.22 2.21 4.87 4.78 6.42 4.9 5.77 2.2 5.82 6.14 2.75 7.31 3.6 0.79 7.34
"33" 6.17 4.18 7.24 2.03 7.2 7 5.71 8.14 3.97 2.8 5.9 7.09 2.74 9.65 5.23 5.77 5.9 5.06 6.93 7.05 1.69 5.46 7.05 3.54 4.5 3.83 7.84 5.62 7.32 9.86 5.95 3.45 3.32 7.1 4.48 4.96 6.8 5.71 5.7 5.03 2.41 2.02 1.93 5.85 8.53 2.85 8.37 5.83 7.84 4.25 5.71 7.97 1.68 3.93 2.22 4.64 6.68 4.01 3.44 3.91 4.63 4.61 1.97 6.94 6.58 4.34 6.73 4.58 5.07 4.75 3.48 3.37 4.35
"34" 5.5 2.48 4.09 3.63 3.5 5.38 0.49 5.93 6.5 2.88 10.02 4.14 2.6 5.1 3.52 3.05 6.03 2.71 2.11 4.24 4.57 3.55 3.01 3.76 4.69 9.2 4.84 4.71 3.37 5.71 2.99 4.02 3.35 8.91 4.91 5.31 2.17 1.48 8.6 2.68 4.63 5.87 4.91 5.04 4.49 6.21 7.79 2.71 7.09 7.71 3.55 5.05 7.43 7.39 6.64 4.07 4.18 4.01 6.58 5.11 5.41 9.68 3.85 4.8 5.99 1.63 5.33 7.9 5.97 7.28 5.39 2.31 7.6
"35" 3.15 5.6 7.7 4.96 7.45 2.32 5.09 4.83 4.4 6.45 8.38 6.97 8.52 5.5 4.41 8.37 7.33 5.51 9.96 9.93 4.25 6.41 4.33 1.31 3.49 4.73 6.29 5.53 6.21 3.79 6.63 2.62 4.09 3.29 4.92 4.17 4.38 7.7 5.77 6.15 6.87 3.67 3.33 7.18 7.63 7.27 2.43 5.65 2.1 6.59 4.49 6.78 5.54 8.93 8.74 6.77 3.4 2.72 5.85 6.09 5.08 4.61 4.29 2.28 2.96 4.01 4.35 4.79 5.52 5.49 9.09 6.74 7.71
"36" 3.14 1.87 4.73 6.38 1.48 5.65 5.18 2.59 5.73 4.47 9.64 6.89 7.45 2.15 3.35 8.37 5.4 0.54 5.31 5.33 4.43 3.95 3.69 6.5 7.04 5.25 5.81 1.49 3 4.5 5.38 3.01 3.91 0.46 6.22 5.74 3.86 2.99 2.05 5.85 7.72 3.7 3.95 2.6 5.31 2.79 5.08 4.21 5.02 4.6 5.49 3.89 7.15 4.73 3.55 5.01 1.35 6.41 3.95 5.28 6.81 5.59 8.4 3.36 8.37 5.36 6.31 3.2 6.28 2.64 5.7 2.31 4.03
"37" 5.32 2.34 7.18 3.88 4.58 3.12 2.96 3.71 3.66 5.8 4.72 6 4.13 5.31 4.31 7.48 2.58 4.55 7.71 4.07 2.24 2.06 8.85 3.69 5.54 3.71 5.13 6.39 3.96 6.12 2.6 2.8 5.97 4.16 4.63 5.16 7.77 6.03 4.08 4.12 3.11 7.2 4.71 4.6 2.76 3.99 5.55 7.95 4.34 4.57 6.96 6.42 2.38 6.12 4.09 3.34 6.78 6.66 5.01 4.24 7.36 6.97 6.33 4.83 6.43 5.98 7.09 3.88 7.78 3.01 7.95 7.52 7.32
"38" 3.93 6.93 3.12 4.69 2.32 4.69 8.97 3.69 4.96 3.39 6.61 8.47 6.94 6.61 0.23 7.34 8.18 8.5 5.83 2.5 2.35 5.53 6.81 4.82 4.11 3.14 4.65 5.35 5.56 2.28 2.95 6.68 8.14 9.01 4.19 4.76 9.79 4 2.92 1.41 7.02 4.42 8.7 4.83 2.42 8.13 6.89 1.68 7.06 2.02 6.85 1.23 7.17 6.57 6.3 3.96 7.35 7.69 4.73 7.82 5.84 4.99 7.99 5.7 7.83 4.9 1.08 3.9 2.12 3.32 2.82 5.14 5.52
"39" 3.82 7.49 6.57 3.78 6.48 4.23 5.09 4.15 4.68 0.86 3.92 6.5 6.29 4.74 4.87 3.48 3.28 8.01 6.4 2.35 7.19 5.09 6.6 3.89 3.64 3.96 5.06 -0.12 6.91 5.48 7.47 1.41 3.96 5.93 5.83 3.95 0.81 4.59 5.88 3.72 4.02 3.22 3.36 7.52 8.35 0.95 8.41 5.15 5.72 4.4 4.31 6.02 6.52 3.96 4.2 6.02 6.9 3.36 4.71 3.03 4.16 5.66 1.35 5.07 8.35 6.03 6.77 5.67 7.25 2.29 2.3 5.08 5.41
"40" 5.24 5.77 7.09 3.94 8.68 9.95 5.78 7.19 3.91 3.05 -1.52 1 7.18 3.9 4.8 4.06 4.68 5.02 4.56 1.04 4.68 6.5 6.27 6.58 4.11 2.28 5.77 5.73 4.82 4.42 6.3 2.6 4.15 3.09 6.54 5.79 6.76 4.86 3.67 5.33 5.69 3.87 7.04 1.85 5.75 3.4 4.74 5.49 7.09 2.96 6.99 8.21 4.78 7.96 5.45 4.82 6.02 6.49 5.83 6.03 7.86 2.73 7.92 6.76 4.11 5.62 6.02 5.7 6.65 5.24 4.57 7.04 5.1
"41" 4.27 2.29 7.44 7.27 3.97 5.74 8.43 4.43 3.94 3.02 9.19 5.15 3.33 3.06 3.63 5.67 3.43 5.03 7.72 8.13 0.99 7 5.54 6.44 7.89 2.36 7 1.39 5.2 3.76 8.58 5.83 2.63 4.72 7.51 6.69 6.15 7.59 3.74 3.19 7.62 5.97 5.57 8.58 2.08 6.02 4.08 4.92 4.46 3.44 8.37 4.99 4.02 3.35 5.32 4.83 7.47 5.85 4.65 3.88 7.42 3.83 5.83 4.17 1.11 5.03 6.5 6.81 3.34 2.69 6.17 5.23 7.62
"42" 3.6 3.45 4.07 3.44 4.34 1.25 4.93 6.44 1.01 9.21 8.66 3.58 4 5.61 6.04 6.19 5.45 6.18 4.5 2.53 7.3 4.25 8.18 5.65 4.79 6.44 7.13 2.59 -1.11 3.44 0.73 5.95 3.46 5.4 5.51 9.92 6.45 0.53 2.1 -0.58 6.39 8.38 6.16 4.7 5.46 3.42 2.33 3.86 5.68 5.44 4.71 6.27 3.86 7.41 8.3 4.35 8.29 3.53 6.3 4.67 5.94 2.92 3.17 7.83 3.24 7.08 5.25 4.3 5.75 6.69 1.65 8.07 4.26
"43" 3.66 6.15 2.28 3.44 2.96 2.04 7.7 6.75 1.87 5.18 5.82 1.62 3.3 6.45 3.78 6.46 8.36 7.14 5.49 5.52 4.04 3.41 4.21 3.63 2.88 3.98 7.44 2.23 6.95 6.03 4.19 6.59 5.95 3.64 6.99 6.85 7.72 4.65 6.58 5.89 6.59 6.48 1.67 7.13 4.76 3.92 6.4 6.61 2.21 6.7 8.55 3.36 4.08 7.15 8.27 1.23 7.19 2.9 2.9 9.63 1.96 7.04 8.88 2.85 7.15 6.68 5.9 2.11 5.98 3.28 4.69 5.62 5.98
"44" 4.62 3.42 0.79 5.27 1.34 2.86 3.22 4.55 5.41 2.41 6.46 6.59 7.19 6.28 6.53 7.67 4.16 6.79 8.62 4.98 4.78 3.1 5.41 3.57 8.76 5.35 5.98 3.71 2.81 6.27 5.02 4.92 2.05 0.74 8.16 4.9 5.97 4.37 5.92 7.22 6.53 4.53 4.54 7.54 4.4 5.59 5.46 4.64 3.71 4.68 4.16 4.51 7.32 3.45 1.02 3.36 8.33 5.68 2.07 4.09 1.33 6.97 5.03 4.56 5.43 8.32 5.41 4.45 7.91 8.95 6.28 3.08 4.59
"45" 5.03 0.94 3.3 4.92 5.18 9.2 5.39 4.38 4.93 3.62 3.99 5.38 7.3 7.08 3.28 6.35 4.62 8.58 6.18 -1.7 5.92 6.5 2.61 6.42 6.02 9.42 7.18 1.16 2.18 5.81 2.54 5.13 4.2 5.56 5.15 5.97 2.5 -0.13 7.55 2.06 3.06 2.53 6.25 7.59 6.01 6.66 5.98 5.26 5.46 3.73 6.34 2.03 7.67 5.15 4.69 6 4.21 1.41 4.44 3.85 2.31 3.26 5.85 1.79 3.67 4.95 5.24 3.84 3.56 4.34 4.49 6.37 2.45
"46" 3.9 4.78 5.33 6.17 5.24 8.27 6.46 8.23 5.34 7.32 5.1 5.12 3.23 3.92 8.96 4.23 4.06 6.26 6.72 2.56 4.43 7.34 1.48 3.21 1.84 3.95 2.45 6.98 2.3 7.86 4.4 10.11 4.99 1.34 5.19 3.99 5.39 3.33 3.76 5.21 8.27 4.63 4.41 7.06 8.35 0.93 5.07 3.3 3.98 2.34 9.16 4.09 1.53 5.3 5.08 4.79 0.55 5.73 7.21 3.1 10.96 4.48 3.38 4.77 2.87 3.53 5.25 4.98 5.49 6.79 7.94 1.92 5.69
"47" 3.92 3.91 3.4 3.8 4.89 9.05 1.17 7.52 1.94 2.29 3.45 4.42 2.17 3.91 5.32 8.72 0.49 1.67 5.69 6.33 3.15 1.16 6.26 3.73 5.18 3.79 6.01 5.65 3.25 8.1 5.54 4.55 5.03 5.36 5.83 4.58 5.18 4.77 2.32 7.3 6.66 5.85 9.56 1.98 5.26 5.23 6.63 1.13 8.57 4.42 4.86 6.3 5.51 4.62 3.25 4.48 3.88 3.81 5.27 4.5 4.53 5.04 2.74 4.85 7.54 3.81 8.6 1.9 1.97 6.46 5.61 2.14 7.91
"48" 6.94 4.21 4.49 3.69 6.88 0.61 4.98 5.73 6.85 3.81 5.82 5.71 3.81 8.93 2.2 2.15 4.29 6.09 3.06 9.6 4.33 2.7 4.54 6.27 5.15 4.75 5.58 4.08 4.38 2.13 3.3 6 4.47 4.17 2.89 6.02 6.47 5.96 2.98 2.85 3.44 6.27 7.99 7.54 0.62 7.13 6.41 5.27 8.29 4.77 1.68 5.98 8.14 4.51 1.45 5.14 4.44 4.74 2.4 7.16 4.14 2.43 5.71 6.5 6.21 4.04 6.91 5.08 5.45 5.36 5.49 4.26 7.72
"49" 6.73 3 2.94 3.49 5.25 6.05 2.3 7.64 4.04 5.42 5.61 6.68 4.44 8.53 3.85 3.17 5.14 3.68 0.52 7.18 8.18 5.42 1.9 6.44 7.18 6.66 -0.66 4.8 7.25 3.86 5.81 3.65 3.69 4.59 7.68 3.71 3.54 6.01 7.09 2.72 5.39 3.66 4.47 4.19 3.32 1.85 7.44 7.03 4.67 5.26 6 5.06 3.95 1.27 7.72 4.05 4.54 3.6 5.45 6.32 3.49 8.63 7.19 4.88 3.64 6.7 6.56 3.67 4.05 3.87 6.81 4.59 1.36
"50" 2.88 0.09 7.38 3.78 5.49 5.27 6.58 1.33 3.09 3.16 -0.4 2.03 5.69 3.19 5.38 8.29 3.21 2.4 8.07 5.18 4.47 7.6 1.99 5.18 4.35 4.39 5.51 4.44 8.23 3.8 2.89 4.71 7.6 5.11 4.22 4.63 4.63 6.38 8.18 4.65 5.91 3.3 4.79 1.01 5.83 4.71 3.64 2.72 3.36 7.37 7.83 7.48 3.67 6.31 6.05 4.34 -0.7 2.69 2.02 5.83 4.29 2.66 6.96 6.12 3.41 4.19 6.49 8.03 6.35 4.11 8.87 4.6 2.96
"51" 7.53 3.89 3.96 0.49 9.41 4.44 2.39 6.08 4.76 3.99 4.41 5.05 7.84 7.05 1.23 10.4 5.26 4.46 7.68 5.11 4.36 6.66 1.63 5.07 5.62 7.43 8.5 8.44 2.97 7.17 5.91 3.14 5.08 5.39 4.66 5.86 4.07 9.44 3.92 5.11 3.03 5.71 4.92 6.91 3.59 3.55 4.82 4.73 0.72 4.12 5.06 5.3 3.13 6.54 3.66 5.94 8.53 7.69 4.89 4.32 1.13 5 4.92 6.62 6.68 4.6 1.99 5.77 5.37 6.29 4.78 4.85 6.73
"52" 3.02 6.47 2.23 7.79 6.67 8.09 8.7 6.69 7.33 7.7 0.56 6.12 6.79 6 3.33 5.56 5.26 2.03 7.3 2.75 2.18 4.49 8.46 0.28 7.62 6.04 7.48 5.39 3.76 4.21 1.07 5.51 3.97 6.69 4.27 4.35 5.07 7.82 5.56 3.5 3.09 3.79 9.53 5.23 6.26 2.39 4.27 5.02 4.44 2.59 4.21 4.52 6.1 6.96 2.42 3.4 7.64 8.73 5.07 10.2 7.26 8.49 7.74 1.77 8.07 7.85 5.04 5.33 6.02 4.94 4.64 2.03 5.07
"53" 3.59 4.38 4.07 1.64 7.29 1.58 5.16 0.44 1.48 4.98 1.19 4.43 5.53 2.79 3.59 4.48 6.95 3.29 5.32 6.3 6.83 4.22 4.4 6.94 2.82 6.48 5.59 5.48 4.01 4.63 5.35 5.82 6.44 3.64 3.34 3.6 4.35 6.16 9.55 6.06 6.13 3.28 4.15 5.43 5.23 8.63 7.25 4.73 5.31 4.57 5.63 4.97 2.34 3.36 7.73 5.84 1.41 4.77 1.15 6.29 6.4 3.42 7.73 7.29 2.5 5.78 5.42 4.91 3.49 4.87 2.85 6.43 4.53
"54" 2.77 6.5 4.06 2.29 6.52 1.75 4.33 6.27 6.44 6.28 3.07 5.31 3.61 8.76 7.46 3.85 1.97 3.77 3.53 5.99 5.44 3.33 3.76 0.13 4.75 4.3 3.9 4.36 3.73 0.38 7.98 3.76 4.83 3.6 6.54 3.14 6.07 4.63 2.04 9.21 3.7 2.58 9.24 4.91 4.56 5.9 5.67 5.28 3.04 6.55 3.53 6.49 4.43 3.68 6.59 5.84 3.45 4.21 3.08 6.59 8.75 5.48 3.86 5.49 6.92 5.18 6.41 5.19 4.45 5.03 3.82 5.98 2.75
"55" 6.6 6.22 7.82 5.51 2.51 5.15 8.81 3.94 5.18 4.89 5.27 3.75 4.16 5.38 5.62 3.21 6.34 6.55 4.01 2.91 3.41 5.15 5.17 8.81 3.82 2.19 6.3 5.72 0.73 4.96 3.59 7.3 3.58 -1.49 5.62 7.99 6.37 4.2 4.02 4.29 3.72 7.82 7.05 3.11 5.82 4.51 7.03 9.08 6.43 4.99 0.53 4.24 6.36 5.83 1.95 3.55 6.6 2.85 4.41 5.44 6.57 6.59 5.05 2.67 3.4 2.59 0.71 6.03 6.48 2.81 5.1 4.4 9.28
"56" 4.23 4.77 5.26 5.22 7.95 5.04 5.25 5.31 4.72 5.65 5.34 8.63 4.37 4.93 3.6 5.34 4.75 7.24 6.21 7.78 7.12 3.12 5.12 5.6 4.95 0.06 4.14 7.33 4.44 5.83 4.64 3.3 2.31 4 4.33 1.43 5.67 5.64 1.24 1.91 5.51 4.39 4.27 7.55 5.91 5.15 4.52 5 7.23 2.66 3.96 5.54 3.04 0.55 0.92 1.74 6.01 3.93 5.61 3.67 5.7 8.26 5.56 3.42 8.19 8.77 4.5 5.73 2.67 5.75 7.91 7.57 3.87
"57" 6.9 8.77 3.1 4.93 5.67 2.59 0.33 4.05 2.59 3.56 5.14 3.16 6.98 3.21 5.44 4.69 3.34 3.63 4.56 6.97 3.3 8.51 6.79 4.99 3.27 3.28 5.3 4.08 4.68 7.16 6.56 3.21 6.66 5.13 5.95 5.35 6.09 5.11 3 8.93 7.95 3.52 3.48 4.36 6.95 4.44 3.33 5.72 5.51 6.8 6.13 3.87 8.05 5.88 3.49 5.52 6.11 3.13 6.35 6.98 6.61 6.29 3.27 4.62 1.74 3.86 5.84 4.11 5 9.47 5.44 4.72 7.77
"58" 3.79 8.9 5.96 6.76 7.13 6.95 4.55 6.44 6.63 7.31 7.21 6.48 5.66 5.1 3.63 6.41 3.43 4.99 2.9 5.27 3.36 4.73 9.27 3.56 3.84 3.69 7.54 8.99 4.82 5.26 2.21 5.9 7.96 2.42 4.96 5.64 5.06 7.97 5.76 5 3.92 4.47 5.4 3.66 2.1 7.6 3.51 0.89 3.34 3.21 5.55 8.87 5.79 5.17 3.86 5.14 7.7 4.72 2.34 1.5 4.71 5.43 4.01 4.98 6.29 5.22 1 6.92 4.4 3.6 4.48 3.88 10.45
"59" 3.67 2.8 3.44 1.6 4 5.11 3.13 4.55 3.25 6.69 7.15 4.11 3.75 6.02 9.15 4.46 0.75 4.05 5.33 5.25 4.55 6.46 0.94 5.15 6.2 3.14 1.65 1.51 0.93 5.68 5.24 7.26 4.42 1.53 5.62 2.91 3.7 7.57 5.06 4.87 4.29 2.05 2.98 6.16 2.8 5.95 4.52 8.07 5.75 3.75 8.95 5.46 5.45 5.39 6.45 3.94 7.56 4.52 7.7 5.99 6.57 2.23 7.94 4.55 3.41 7.6 2.22 6.57 7.5 3.68 3.03 4.17 2.97
"60" 6.54 4.16 3.9 4 3.66 6.29 2.81 6.87 9.18 4.6 1.72 7.09 5.55 3.22 2.62 2.97 5.68 0.57 4.61 3.51 2.98 7.31 4.9 6.02 5.79 9.73 6.66 3.72 4.7 4.81 4.2 5.82 3.47 4.97 2.1 4.16 1.59 7.02 5.33 3.87 1.92 3.9 2.78 5.45 4.66 3.83 4.58 1.76 4.93 7.07 1.08 6.08 6.36 4.79 1.99 1.66 4.15 3.2 8.51 6.13 1.48 4.8 6.1 2.73 5.35 4.25 7.45 2.73 5.46 6.28 1.41 7.06 1.79
"61" 7.11 3.87 7.68 4.6 4.09 8.19 5.86 4.34 7.33 5.74 9.59 7.61 6.39 7.72 2.78 5.07 3.23 6.26 2.25 7.87 5.45 6.29 3.42 2.48 5.56 7.36 4.86 7.8 1.12 0.39 3.5 4.38 3.69 2.98 6.52 2.66 5.67 4.04 3.78 2.52 2.7 1.34 4.09 5.16 3.22 5.92 9.62 3.62 3.69 2.66 6.31 5.39 6.33 5.09 5.09 2.12 2.78 7.04 4.86 8.01 6.1 2.94 5.58 6.2 6.46 8.21 9.39 7.52 4.77 4.69 5.49 9.2 8.04
"62" 3.45 2.42 3.55 2.4 4.13 10.54 5.54 2.28 1.89 5.44 7.49 6.92 6.09 3.64 3.81 7.16 5.05 5.01 5.17 3.35 7.5 7.2 1.81 7.45 4.35 0.76 5.07 3.09 7.3 4.42 5.39 -1.35 5.44 6.83 4.12 3.54 4.17 4.93 3.68 8.31 5.27 4.53 2.63 6.29 5.93 6.08 5.89 8.8 5.43 3.44 4.58 5.69 3.49 3.74 7.14 5.37 6.32 7.7 2.67 6.76 6.12 8.77 5.65 6.54 3.78 4.32 1.93 7.85 4.95 6.85 3.92 2.83 5.96
"63" 5.96 4.89 8.23 4.16 3.1 5.69 6.53 7.84 5.51 2.23 0.78 7.3 4.56 7.15 3.92 9.1 3.62 3.87 4.12 5.72 5.83 3.91 5.21 5.45 2.55 3.27 5.53 7.51 6.72 4.2 6.41 6.57 7.61 8.42 4.06 5.29 6.65 4.04 2.05 6.49 6.69 4.21 4.34 3.79 6.33 2.01 4.82 2.6 8.66 4.82 2.1 6.24 4.49 3.27 5.72 5.73 4.28 6.15 6.36 3.85 6.08 2.14 6.42 7.05 0.9 5.37 2.59 6.64 1.73 5.9 3.67 4.09 0.17
"64" 4.36 3.16 5.51 5.86 5.79 6.1 6.71 5.62 6.19 6.59 4.6 5.92 6.55 4.99 5.28 5.14 6.52 6.56 3.32 3.82 4.31 3.81 6.97 4.7 6.39 6.36 4.52 6.06 4.19 4.86 4.16 1.95 6.03 9.12 4.23 5.32 5.05 7.27 3.79 2.73 4.54 3.74 5.76 3.74 8.58 5.62 2.85 7.84 6.53 4.5 1.85 4.01 4.24 4.28 5.62 3.79 3.92 5.11 7.83 3.06 2.81 4.03 3.43 3.58 3.24 5.98 6.9 6.23 5.19 4.52 2.36 4.78 1.21
"65" 4.32 7.72 4.58 4.95 6.36 5.54 5.6 4.17 7.17 7.28 5.56 5.19 2.19 4.33 4.36 8.18 7.4 5.93 7.1 4.31 6.1 2.72 3.8 3.57 9.14 8.98 5.51 1.89 5.13 1.93 7.18 6.76 5.13 4.17 8.37 6.69 7.08 7.1 4.26 6.55 2.02 4.12 5.74 5.57 6.63 3.63 4.83 4.63 1.69 5.2 4.76 9.03 2.54 4.63 5.44 1.55 6.8 6.24 2.33 8.7 4.57 4.9 3.33 5.39 2.83 7.73 6.52 5.81 3.91 4.2 3.01 4.07 6.42
"66" 3.59 0.62 5.44 5.4 6.18 6.36 6.99 5.88 3.46 3.35 7.96 1.09 5.27 5.65 5.28 4.5 6.52 4.36 3.51 2.38 2.89 5.11 4.78 5.08 5.05 3.34 7.37 8.19 5.65 5.31 2.92 5.68 4.21 6.61 3.42 5 3.68 4.93 4.57 7.15 5.83 7.39 8.24 6.55 3.58 7.55 7.33 6.32 2.24 5.2 3.72 8.73 0.75 7.08 7.22 3.81 8.7 2.75 5.71 5.29 5.27 5.7 2.35 2.99 4.79 3.34 5.78 6.39 5.71 3.88 5.61 4.21 5.78
"67" 3.64 6.93 8.42 5 7.74 6.76 3.55 3.41 3.98 5.78 0.68 3.61 7.47 5.3 5.17 3.87 8.39 4.51 6.96 4.49 4.38 4.35 3.84 4.62 2.05 7.61 6.29 7.53 6.59 4.51 7.56 6.15 3.87 4.74 4.29 6.8 7.46 4.12 2.98 6.43 3.83 5.46 4.85 6.61 3.37 5.13 2.63 4.97 3.44 7.31 6.4 5.7 3.8 4.91 6.58 2.7 4.67 4.63 7.9 7.38 4.94 5.52 4.46 2.83 6.65 4.26 7.63 6.66 3.34 6.56 5.19 5.83 3.05
"68" 7.17 7.3 3.42 4.36 6.71 4.53 5.62 5.24 5.34 5.53 5.22 3.03 1.94 6.55 7 3.16 6.88 5.26 5.63 3.59 3.03 8.14 6.12 6.31 3.58 4.35 5.38 8.74 6.63 1.49 3.93 4.77 3.84 2.89 5.66 6.55 5.26 2.01 3.97 5.56 3.68 4.59 4.71 7.27 3.92 4.64 2.41 5.55 6.01 5.64 4.65 3.52 3.79 3.96 5.48 6.81 7.78 3.35 3.7 7.66 6.48 5.3 5.37 4.92 4.21 8.44 3.51 8.94 4.97 11.76 7.95 3.79 1.05
"69" 4.42 8.5 6.18 7.12 6.47 3 6.57 3.23 4.95 2.73 3.48 2.04 5.43 2.09 6.42 6.4 3.53 5.5 2.65 5.56 4.9 5.68 1.93 5.01 7.06 3.25 3.82 8.16 5.78 8.07 4.86 3.02 2.72 3.22 2.95 7.2 5.92 3.28 4.23 5.63 4.18 5.06 3.77 8.83 6.86 6.7 6.77 6.53 3.37 3.75 6.7 3.25 1.36 4.45 2.47 5.11 2.59 5.96 -0.91 6.62 5.58 5.35 4.56 4.14 6.02 10.65 5.45 2.89 7.06 5.69 5.09 4.12 8.5
"70" 5.38 4.62 4.81 2.59 6.71 9.28 6.66 4.6 6.59 2 4.21 3.13 0.02 3.7 8.85 2.62 4.78 3.96 9.44 5.51 4.07 6.99 5.3 3.47 5 2.93 4.86 3.44 5.9 9.25 4.27 5.76 4.41 4.6 5.6 4.58 3 7.22 5.39 3.13 4.42 5.86 5.43 4.91 2.24 4.44 9.13 2.38 6.44 3.09 -4.01 5.15 1.36 4.57 4.94 6.87 2.54 0.21 3.72 4.49 1.29 3.68 5.25 4.23 1.1 2.66 8.51 5.84 8.05 4.44 4.96 6.77 4.69
"71" 4.89 1.76 1.27 8.23 6.42 5.24 5.03 2.2 3.16 4.87 4.07 1.54 7.02 4.68 5.41 3.99 7.16 3.9 8.09 8.3 7.43 4.25 2.49 7.64 3.04 4.43 2.71 2.98 2.64 2.23 1.3 7.74 6.38 3.03 3.47 6.27 3.48 4.12 7.56 5.43 3.55 3.27 4.37 6.95 6.8 5.1 5.55 5.27 5.69 5.96 4.23 5.13 7.8 5.49 7.17 2.79 6.01 2.7 5.27 4.23 5.35 7.81 4.51 4.28 5.82 5.28 4.56 3.52 2.68 7.76 5.73 5.27 5.03
"72" 2.03 5.91 7.44 6.47 6.12 7.32 6.28 4.9 5.78 4.15 3.26 4.47 7.03 3.25 6.87 5.12 7.94 3.13 4.45 6.22 0.61 6.55 4.43 4.65 4.8 3.82 8.9 4.07 5.63 4.54 2.72 -0.09 4.05 9.53 7.48 0.82 6.71 3.9 1.72 7.65 5.86 1.97 6.05 1.88 6.41 6.54 4.87 4.45 3.5 4.34 7.68 2.76 6.53 2.91 4.96 5.14 7.43 6.25 1.8 2.4 5.94 6.56 6.5 4.52 4.95 8.11 5.36 4.86 3.42 3.75 5.75 5.76 2.5
"73" 3.08 8.81 5.14 5.45 10.4 8.39 5.08 5.54 3.1 6.18 3.05 9.68 5.01 5.79 4.69 5.32 7.48 6.6 9.42 3.85 7.23 4.08 2.92 4.51 3.81 8.48 8.04 2.35 1.97 2.87 7.75 7.18 2.78 2.51 4.08 4.59 1.92 -0.97 4.48 5.82 1.12 1.95 4.55 2.55 7.32 6.59 3.28 6.55 4.84 4.33 1.88 4.82 8.71 4.33 3.25 6.05 5.23 8.58 6.76 2.89 4.31 5.91 4.91 2.22 7.35 4.39 4.68 8.04 -0.08 0.06 4.53 3.49 4.01
"74" 4.27 8.22 6.57 5.02 5.53 4.38 6.81 4.23 6.06 6.18 3.39 5.19 6.26 6.57 5.19 -0.1 3.72 6.38 1.03 5.21 5.27 1.94 6.68 4.16 4.37 4.55 4.01 7.23 5.23 8.41 1.6 2.92 4.28 1.61 5.93 4.71 3.41 2.08 2.99 6.87 2.18 6.46 3.26 1.26 6.54 6.76 5.89 4.28 5.44 6.97 4.58 5.67 9.75 5.13 6.83 9.75 2.57 5.65 4.53 4.62 8.59 4.1 4.32 2.09 2.41 5.13 2.14 5.79 5.36 6.35 4.58 3.08 7.26
"75" 6.87 7.98 5.35 2.2 5.95 1.64 5.82 5.59 2.09 5.42 3.78 6.1 6.46 6.04 2.7 4.08 4.95 5.14 6.08 5.91 4.11 5.78 3.98 6.43 4.54 1.42 2.36 4.02 6.19 4.41 4.28 6.35 3.13 2.65 3.59 6.06 2.05 6.46 6.35 5.45 4.38 6.98 5.12 5.89 8.79 6.98 7.11 4.36 7.47 3.62 5.78 4.66 6.43 4.41 1.73 3.49 6.2 4.47 6.48 6.05 6.56 7.21 8.82 8.85 2.8 3.49 3.86 8.59 8.23 3.2 6.72 4.85 7.68
"76" 4.71 -0.02 5.94 7.45 1.14 6.84 5.26 6.57 5.47 2.28 7.17 8.25 4 9 5.34 7.16 3.09 2.94 4.77 3.04 6.75 2.27 4.9 8.18 7.52 6.86 5.88 4.16 2.17 3.6 6.35 3.14 7.7 2.27 8.68 3.46 4.52 4.29 6.2 3.1 6.69 2.37 6.52 7.86 7.42 9.43 5.19 5.02 4.8 6.75 7.68 2.49 7.4 7.3 6.5 3.96 3.7 7.62 6.03 3.52 4.21 10.57 6.25 4.67 1.66 3.19 5.38 11.25 4.77 5.5 8.13 6.26 1.81
"77" 2.38 9.7 6.5 5.97 2.7 0.46 5.17 3.65 6.56 8.16 5.96 3.17 3.52 5.89 2.75 4.74 5.57 4.28 3.59 6.8 4.68 6.04 3.19 5.41 7.93 3.53 7.16 3.74 7.71 4.28 8.29 2.11 4.39 8.23 4.22 4.25 6.84 4.74 2.65 3 4.12 6.67 4.36 5.76 6.09 5.7 1.03 4.03 1.57 4.62 4.69 6.36 2.59 4.74 3.1 6.2 3.89 3.53 2.93 1.07 5.15 5.85 3.66 3.39 6.94 9.99 0.46 11.57 3.86 6.49 10.15 5.95 5.56
"78" 4.66 3.06 3.11 4.76 4.88 5.34 6.82 3.76 3.72 2.88 4.93 3.63 2.1 4.63 5.54 4.68 4.92 2.4 7.16 3.14 4.6 4.76 6.96 2.41 5.91 8.06 1.66 5.41 3.09 6.24 3.47 3.61 3.88 5.97 7.7 4.35 3.16 4.95 6.28 2.85 3.14 3.82 5.36 1.34 4.61 3.06 6.08 6.49 4.11 4.25 3.66 2.07 4.95 4.45 7.4 5.07 4.76 5.77 6.9 3 3.53 7.25 3.03 4.16 7.21 3.85 7.41 6.75 4.53 5.38 6.11 5.26 3.12
"79" 7.19 6.61 5.46 5.95 4.41 9.18 8.19 3.38 4.02 3.48 2.99 1.1 2.6 5.46 5.37 4.5 5.46 2.81 3.43 2.78 3.33 5.32 5.95 7.44 6.66 4.25 4.17 6.84 3.75 3.07 0.92 2.03 8.76 8.35 2.69 5.23 3.62 6.4 6.39 6.73 3.37 2.5 3.36 3.08 7.22 3.64 5.57 7.93 5.9 3.94 6.23 5.9 7.29 6.53 8.56 5.34 3.57 4.43 5.9 4.51 3.52 6.6 6.22 3.93 4.68 5.06 6.72 3.17 2.1 4.25 5.61 6.93 6.55
"80" 3.18 9.41 6.06 3.03 4.19 3.26 2.46 8.95 8.06 6.2 5.28 6.19 2.02 7.79 6.72 5.81 1.03 5.68 7.22 4.68 8.01 4.16 8.3 4.09 -0.07 4.02 3.13 3.01 8.25 5.02 6.44 7.24 3.53 2.09 7.09 5.69 3.47 5.07 5.18 4.83 4.08 3.03 6.99 7 5.95 5.99 5.18 4.56 3.22 3.02 4.22 6.75 4.04 4.45 3.46 5.87 2.61 5.52 2 2.54 3.06 3.44 4.38 2.66 6.64 6.14 7.4 5.97 5.79 5.96 6.2 4.2 3.31
"81" 3.4 4.63 6.04 3.95 4.7 5.09 7.17 4.22 3.27 7.22 4.9 3.75 4.11 7.75 6.87 6.63 4.05 6.72 3.62 3.19 0.55 7.32 7.36 6.31 5.96 5.75 8.68 6.32 5.78 4.29 4.55 2.72 5.13 1.76 5.09 7.15 4.63 2.46 5.75 7.56 7.26 6.59 3.08 6.73 5.18 4.07 5.77 8.6 3.49 5.66 5.53 5.02 4.8 5.93 2.83 6.8 1.46 7.13 7.19 6.2 2.24 5.22 6.78 3.94 4.98 3.72 1.21 4.97 3.25 5.97 6.06 8.26 1.5
"82" 4.7 5.69 5.27 3.02 4.7 3.08 5.96 5.77 7.29 4.75 5.82 6.93 4.91 5.61 4.65 2.23 6.84 5.28 4.65 3.15 1.38 6.02 5.89 6.27 4.81 4.37 0.57 8.62 4.62 1.23 6.71 1.77 3.46 7.77 3.73 6.2 1.99 4.11 6.28 2.01 2.68 6.4 4.41 -0.95 3.48 5.83 9.12 4.02 2.86 3.35 4.76 7.5 2.25 7.5 5.32 3.35 9.02 4.94 2.39 1.89 3.75 5.72 6.38 8.24 4.84 -0.11 0.61 5 5.61 1.71 5.24 6.23 4.19
"83" 3.44 3.42 2.23 5.11 4.45 7.55 8.28 3.9 3.9 3.62 5.64 -0.61 1.91 6.73 10.23 5.01 4.17 6.11 3.8 4.81 1.77 6.42 8.24 9.37 2.24 5.35 4.39 3.59 6.98 5.3 8.51 5.93 1.43 4.69 5.26 3.91 1.51 7 5.51 3.47 4.06 6.77 6.55 6.25 7.34 5.46 6.09 7.52 5.26 6.92 2.22 4.78 1.91 7.02 3.56 3.6 3.92 5.53 8.39 4.93 4.04 3.33 6.58 4.01 5.13 3.27 0.42 4.47 4.48 3.75 5.92 5.74 4.06
"84" 9 3.5 6.16 4.62 6.25 7 2.16 5.54 5.99 6.37 1.56 8.4 8.56 6.78 6.01 3.07 2.94 4.02 6.79 7.9 6.49 1.3 5.6 0.38 3.25 4.65 4.14 3.68 5.96 3.4 5.79 4.9 4.25 4.63 6.8 5.72 6.72 3.51 1.78 5.04 7.34 5.2 5.24 7.25 7.98 8.41 8.93 4.18 3.72 4.98 2.29 6.83 6.27 4.49 4.88 4.71 7.32 3.1 2.51 1.15 5.44 6.06 5.69 3.32 7.07 3.16 8.44 8.86 3.22 6.65 2.57 5.02 3.98
"85" 4.55 4.65 7.09 4.51 3.93 3.84 3.49 2.5 2.96 7.41 1.6 6.15 4.92 5.78 4.47 5.6 7.16 5.28 4.3 8.67 5.74 5.18 6.25 6.5 5.37 3.77 3.75 4.14 7.21 3.06 3.1 2.78 7.56 5.97 4.93 7.77 5.65 3.24 5.42 5.39 4.95 6.4 7.36 4.64 2.79 1.58 8.48 10.43 2.79 5.78 4.49 4.3 0.95 4.82 2.19 6.91 2.53 0.21 7.77 6.1 6.64 3.98 5.37 9.28 3.14 3.9 9.07 3.1 4.89 7.36 8.27 4.55 3.75
"86" 6.08 5.69 3.4 4.55 4.38 3.46 7.13 5.46 4.45 6.1 3.03 5.7 6.66 6.07 5.24 7.93 4.75 6.32 7.04 7.04 3.79 4.97 3.97 5.05 5.7 6.98 5.75 4.11 2.55 -1.59 5.15 3.36 7.11 6.99 8.57 2.94 3.04 7.37 4.02 4.83 7.4 9.01 3.3 3.65 3.53 3.78 1.26 6.97 9.29 2.09 6.72 3.36 2.29 4.01 7.41 4.4 4.96 4.68 5.63 6.5 3.82 2.39 5.03 6.36 7.27 8.51 6.9 6.23 4.6 4.73 6.68 4.96 3.42
"87" 6.83 6.04 3.44 4.38 2.85 5.21 6.09 2.95 4.57 4.65 2.69 5.24 3.22 5.08 2.5 8.4 9.42 3.24 1.27 3.71 10.5 5.61 0.93 5.46 5.01 2.8 6.72 4.95 4.04 3.56 5.8 4.42 4 4.66 5.81 3 6.5 8.03 5.94 2.54 6.75 4.66 3.95 5.66 3.73 6.22 3.72 7.05 4.87 6.61 5.42 8.31 3.34 7.77 6.5 5.04 2.68 1.78 5.68 6.64 6.81 6.36 5.47 6.34 4.83 2.43 3.06 4.61 3.41 4.17 4.76 3.72 6.49
"88" 4.98 6.69 4.97 5.78 5.23 6.87 0.92 3.39 5.83 4.29 8.15 8.92 3.16 8.35 4.54 0.37 5.93 3.99 5.45 2.36 6.11 4.88 6.92 3.4 5.55 3.98 4.36 6 7.5 5.77 5.23 4.52 6.97 4.52 5.18 4.33 8.35 5.42 6.6 6.46 5.28 5.43 3.18 3.33 6.88 5.16 2.74 5.33 3.83 6.99 0.92 6.26 7.92 4.17 5.96 8.64 3.08 5.84 9.86 1.13 9.55 4.76 5.94 3.85 2.68 5.94 6.64 2.61 2.99 6.15 4.48 5.51 3.9
"89" 2.51 3.99 4.77 2.13 6.75 5.81 4.43 5.77 4.24 2.34 1.8 5.02 6.18 8.14 5.74 5.09 4.08 2.51 8.23 2.82 5.86 3.74 8.51 2.53 2.38 6.88 4.95 2.01 4.61 4.88 4.1 6.26 5.45 6.63 4.76 3.96 6.78 4.81 5.77 8.22 7.38 9 5.92 9.2 5.67 1.94 8.35 4.6 6.56 5.97 5.66 6.28 0.82 6.32 2.83 7.66 0.87 5.28 3.73 5.71 6.71 5.83 4.32 2.01 5.92 4.32 4.83 4.74 5.8 3.55 7.42 3.51 1.95
"90" 7.33 4.19 5.54 5.19 7.72 8.41 1.96 6.42 5.92 5.58 3.22 4.99 5.3 4.14 2.38 5.06 8.9 4.61 2.89 3.89 9.52 4.46 5.34 1.81 5.18 7.15 8.15 1.45 6.04 3.2 5.97 3.62 4.94 7.36 6.76 5.58 4.43 7.11 4.22 1.72 5.48 6.09 5.49 5.67 5.87 2.92 4.7 6.7 5.5 5.07 7.08 7.26 3.57 6.27 4.07 6.86 2.08 6.45 1.84 3.31 4.11 2.63 8.18 7.53 6.03 6.04 7.31 7.68 2.33 2.43 3.89 5.64 6.43
"91" 2.5 6.34 3.67 4.19 7.16 2.99 3.46 4.66 -1.83 1.84 1.56 2.17 4.9 3.14 4.18 4.38 0.56 10.21 4.16 3.74 1.51 2.16 5.66 4.88 2.78 3.37 4.42 4.62 6.52 5.79 5.62 8.33 6.69 4.25 6.34 3.53 3.03 6.06 5.01 4.31 6.13 5.17 6.69 3.8 4.37 7.25 3.42 3.63 2.98 4.33 8.16 1.67 4.82 4.4 7.02 6.91 3.57 0.53 7.05 7.57 8.68 5.69 5.42 6.62 5.3 5.43 4.05 6.47 1.58 3.08 6.39 9.41 6.42
"92" 3.64 3.23 5.92 2.58 4.78 5.03 4.11 7.5 5.65 3.13 8.02 5.73 5.65 7.88 6.42 6.45 8.82 4.91 4.05 6.02 4.58 8.71 3.48 5.84 4.97 3.79 0.14 8.2 4.35 2.96 2.7 6.09 9.32 4.82 5.45 9.71 8.26 3.78 3.63 8.12 5.2 5.74 5.86 4.85 2.35 5.43 3.13 6.43 3.79 3.74 6.82 6.6 5.05 3.29 6.65 3.73 4.06 5.73 4.8 4.37 2.28 5.7 1.84 3.82 5.27 7.63 8.26 2.26 6.54 0.18 2.15 4.51 6.12
"93" 5.39 3.93 4.89 6.36 8.07 4.62 1.35 6.66 7.28 5.11 6.33 4.04 3.12 7.3 1.39 5.99 3.7 6.01 4.06 3.01 2.07 2.98 5.26 5.42 3.88 7.54 4.36 3.27 5.74 6.96 8.51 8.06 4.42 4.24 -1.39 3.77 4.03 2.19 7.2 6.38 0.73 4.79 3.76 2.88 3.36 8.91 3.39 5.48 5.27 5.67 2.4 4.52 6.06 3.84 9.47 3.67 7.65 8.78 7.38 3.19 1.27 3.33 9.28 3.53 4.35 5.55 -0.28 5.72 3.82 3.28 5.51 5.67 6.56
"94" 1.98 2.57 6.05 4.72 1.98 5.97 1.96 5.42 3.56 9.58 2.76 6.73 5.2 4.61 3.78 5.59 7.48 4.67 1.5 5.69 1.32 3.48 6.98 4.71 2.88 4.7 3.53 2.92 4.34 9.24 4.67 6.71 5.15 3.68 5.27 3.82 5.47 8.03 3.77 4.88 2.81 5.53 7.41 4.95 3.31 8.31 3.73 3.98 6.6 5.34 2.71 6.56 5.77 5.66 3.14 6.56 7.85 3.39 9.62 4.8 1.48 5.35 1.65 3.79 3.09 8.33 8.27 4.58 6.59 6.97 6.59 7.49 3.06
"95" 4.56 9.05 3.55 5.02 5.53 0.48 6.02 8.96 7.12 6.97 3.13 2.81 2.14 7.87 5.98 7.01 7.64 4 3.87 2.48 4.78 7.61 4.93 5.77 3.79 4.51 3.17 4.7 3.47 7.18 6.39 11.07 3.35 6.38 2.65 5.08 5.12 4.26 3.22 3.12 8.08 3.06 5.36 8.08 7.59 5.47 5.27 6.33 6.13 3.51 4.4 5.35 1.23 6 4.19 8.38 5.21 7.03 6.18 4.1 5.9 1.36 3.78 3.3 1.69 5.01 5.69 9.37 1.59 5.43 5.75 7.79 2.15
"96" 6.07 2.25 6.36 5.92 7.13 5.2 3.7 3.35 7.66 4.23 5.8 3.34 2.66 1.89 3.01 3.3 5.5 6.13 2.45 2.04 3.45 3.87 4.47 1.14 3.24 3.13 4.98 6.46 3.07 5.81 7.25 5.62 2.58 0.92 4.43 4.79 6.78 5.01 6.29 3.82 6.91 1.7 4.11 4.69 3.57 4.38 5.89 7.32 3.39 8.42 1.78 2.47 6.57 6.69 2.76 2.33 6.91 8.97 5.94 5.14 4.97 -0.15 4.58 5.44 3.16 7.01 5.13 10.22 5.33 2.03 7.46 3.29 7.24
"97" 6.8 5.17 3.56 3.49 7.54 4.61 5.18 6.6 10.91 1.49 8.02 7.07 5.6 3.68 4.69 3.44 4.41 -3.85 3.96 0.03 6.93 8.85 5.36 3.55 4.66 8.82 1.54 8.03 4.15 3.86 8.18 5.2 3.79 5.84 4.05 7.42 9.45 5.26 3.6 3.51 5.88 2.31 4.06 3.26 8.25 5.83 4.13 8.16 4.54 0.88 3.01 5.04 2.33 6.1 7.99 5.79 7.5 2.09 -0.68 4.38 1.78 5.49 5.65 4.74 5.87 4.67 4.78 0.15 5.62 3.91 5.15 7.53 3.14
