"V1" "V2" "V3" "V4" "V5" "V6" "V7" "V8" "V9" "V10" "V11" "V12" "V13" "V14" "V15" "V16" "V17" "V18" "V19" "V20" "V21" "V22" "V23" "V24" "V25" "V26" "V27" "V28" "V29" "V30" "V31" "V32" "V33" "V34" "V35" "V36" "V37" "V38" "V39" "V40" "V41" "V42" "V43" "V44" "V45" "V46" "V47" "V48" "V49" "V50" "V51" "V52" "V53" "V54" "V55" "V56" "V57" "V58" "V59" "V60" "V61" "V62" "V63" "V64" "V65" "V66" "V67" "V68" "V69" "V70" "V71" "V72" "V73" "V74" "V75" "V76" "V77" "V78" "V79" "V80" "V81" "V82" "V83" "V84" "V85" "V86" "V87" "V88" "V89" "V90" "V91" "V92"
"1" 7.02 5.95 4.52 3.75 1.85 4.58 3.69 3.89 6.22 4.66 6 3.29 6.24 7.58 5.14 7.21 3.71 4.24 3.36 3.34 5.44 5.37 7.35 2.84 4.7 7.9 6.91 1.69 3.85 5.67 5.71 4.71 0.85 7.08 4.77 6.3 3.34 3.8 4.85 4.18 5.34 5.13 4.62 7.2 3.35 4.91 6.75 7.35 1.83 4.4 4.82 5.42 7.57 6.34 5.9 5.84 4.51 5.23 1.6 9.03 6.89 2 5.12 4.14 3.08 3.47 6.45 4.83 5.27 4.99 9.45 -1.37 7.48 6.71 6.55 3.9 4.45 6.4 5.59 4.82 6.09 2.62 4.57 5.36 5.67 6.14 7.65 5.32 6.39 6.8 3.9 7.29
"2" 7.81 8.92 0.95 5.3 4.36 6.61 7.83 5.24 7.39 1.78 4.1 7.19 3.71 5.4 6.83 -0.49 6.76 3.57 5 10.38 5.57 7.82 6.77 3.34 4.82 7.91 5.71 3.18 2.97 4.85 2.82 7.08 6.15 5.03 6.44 1.48 6.52 8.14 5.28 4.56 2.49 4.66 4.01 3 8.24 4.86 6.4 6.92 4.75 4.9 5.04 0.51 5.48 5.95 4.69 4.98 3.79 2.84 6.34 4.21 3.5 5.42 4.3 2.91 7.58 2.33 4.6 6.23 3.42 6.09 6.18 7 4.59 7.94 3.73 5.36 6.14 3.91 9.63 0.09 3.63 4.45 0.5 2.12 3.78 2.13 4.07 7.53 4.23 2.16 4.66 4.68
"3" 2.28 3.02 5.86 3.4 2.41 9.69 4.61 6.37 5.21 5.73 4.58 7.32 7.29 4.88 5.91 3.89 5.18 8.75 3.57 6.39 7.85 3.41 10.11 5.23 7.75 6.66 4.64 4.65 2.63 3.97 7.53 3.92 5.31 6.53 4.79 3.31 5.16 6.74 3.99 5.77 3.35 4.95 4.43 7.08 5.86 5.39 4.07 3.62 6.99 5.17 6.08 5.09 3.83 3.06 4.94 0.89 3.84 7.01 4.13 5.96 3.17 5.99 8.57 5.06 5.02 8.06 7.67 1.79 5 5.88 5.19 8.37 4.44 5.62 3.52 6.94 2.45 4.94 8.47 2.91 4.39 1.68 7.13 4.57 2.34 6.95 0.09 6.59 5.4 2.66 3.75 3.14
"4" 5.79 5.89 6.24 2.39 4.09 6.55 6.67 4.62 5.61 3.35 5.42 2.48 4.78 3.22 2.65 4.8 4.26 2.92 4.54 2.48 4.98 5.11 6.08 4.53 5.07 2.87 8.49 2.97 3.23 6.08 4.28 5.12 7.8 3.87 1.09 4.85 5.37 5.54 3.13 3.16 6.4 4.46 6.57 9.16 8.06 4.29 5.47 8.34 6.08 6.81 5.91 5.21 1.41 3.77 5.65 1.79 3.19 5.26 4.44 1.74 6.77 3.6 5.34 4.2 6.62 5.82 5.18 3.93 3.53 5.32 4.68 5.83 2.19 6.78 5.08 0.41 5.28 2.35 4.21 7.4 4.36 7.91 6.43 4.14 3.74 4.63 3.37 0.52 8.34 2.49 3.69 4.76
"5" 6.97 4.84 4.38 5.03 2.3 0.23 7.11 6.56 5.27 4.47 7.62 3.1 5.68 5.84 7.71 6.51 4.77 5.87 7.65 5.8 4.92 3.79 0.13 2.99 4.78 3.29 6.94 3.08 3.93 1.48 4.61 4.92 8.65 1.59 2.94 4.27 4.19 4.52 4.39 5.79 3.27 3.73 2.6 2.27 4.47 4.61 6.56 5.41 5.41 8.1 3.64 2.97 2.95 6.09 5.28 3.17 3.73 8.85 6.61 5.29 5.91 5.39 5.79 6.32 5.99 5.15 5.1 9.24 3.35 2.8 5.87 3.38 6.56 4.86 5.52 2.33 3.09 9.06 4.2 6.08 7.61 2.9 5.03 7.38 1.74 5.92 5.34 1.17 5.93 2.45 3.46 1.55
"6" 3.02 4.97 4.61 5.65 4.43 3.38 5.82 2.16 8.21 4.31 6.81 5.45 2.53 1.81 5.79 6.41 5.12 9.71 2.94 5.38 2.09 8.01 6.81 7.83 3.97 4.77 6.19 5.6 6.36 3.91 2.34 5.72 7.52 7.21 7.36 5.93 3.01 4.28 5.41 4.8 6.72 6.79 5.1 7.44 3.81 2.71 3.38 6.76 6.82 4.72 4.72 2.26 8.6 6.28 5.32 3.86 6.8 4.45 5.18 5.84 4.43 4.38 3.11 3.93 4.77 3.91 4.67 4.11 5.73 2.75 4.9 2.17 5.81 7.33 7.92 2.33 7.43 9.11 2 5.02 3.69 6.69 2.12 7.87 2.49 7.58 4.63 4.46 5.47 4.14 4.62 6.29
"7" 4.74 9.17 4.07 7.3 4.79 6.25 7.21 4.69 4.13 3.2 5.69 3.72 -0.38 5.87 5.57 5.52 3.5 6.92 1.49 2.95 4.91 7.75 4.29 5.42 7.29 6.6 6.22 4.01 7.44 4.82 4.15 7.14 2.16 2.78 8 3.77 6.19 5.68 3.96 1.72 2.6 4.85 2.38 2.86 6.22 2.34 6.11 7.46 5.72 5.34 6.95 4.84 4.09 2.1 5.13 4.8 7.56 5.65 7.68 3.59 3.16 6.56 6.26 6.9 2.4 6.21 4.93 3.36 5.27 4 4.31 6.21 2.97 7.13 5.99 5.19 3.93 4.67 5.76 4.49 7.33 5.18 7.62 8.72 8.33 6.36 3.9 3.98 7.58 6.22 5.53 3.49
"8" 7.29 5.63 5.96 5.75 4.36 1.12 5.17 3.19 2.19 6.49 4.76 8.29 3.83 6.47 4.04 8.05 2.25 7.21 2.11 5.83 5.19 1.21 6.78 6.83 4.05 4.36 6.39 3.6 5.72 4.58 2 4.47 6.85 5.71 6.81 5.96 5.42 3.43 5.7 7.46 7.76 7.01 7.44 3.38 2.67 4.18 6.14 7.69 7.47 5.39 5.01 6.2 7.7 3.83 6.69 5.65 3.92 5.39 5.22 2.95 2.2 3.45 4.32 6.24 3.32 6.21 2.76 3.33 4.03 4.17 3.17 4.08 2.41 3.95 1.42 6.91 1.62 5.17 5.46 7.34 5.4 2.57 4.3 3.16 4.09 2.8 4.7 6.46 5.68 5.68 6.67 5.92
"9" 3.88 5.62 5.29 5.16 5.3 4.24 4.4 3.79 3.32 8.21 4.64 5.84 5.09 1.12 6.09 6.48 4.86 7.16 3.15 7.87 5.08 7.78 3.41 2.67 4.44 4.31 4.02 3.94 7.58 4.98 6.13 5.3 4.66 6.02 3.63 5.47 6.91 5.43 3.65 2.44 4.27 2.11 6.12 6.4 6.15 4.19 2.77 7.3 6.46 3.63 7.98 7.32 2.73 5.6 2.34 6.28 6.64 7.14 6.64 2.22 5.8 6.09 5.25 1.85 3.76 4.45 5.64 8.97 2.55 2.09 3.05 3.37 4.18 6.5 3.21 4.71 5.27 7.48 2.48 4.56 3.56 4.4 4.81 2.02 4.1 9.57 2.61 4.99 2.25 4.76 4.37 9.86
"10" 1.74 7.1 3.66 2.6 7.28 4.46 2.65 4.41 3.37 5.9 7.11 5.88 4.48 4.85 6.99 5.56 2.56 7.07 7.01 6.45 5.37 4.59 4.98 0.89 4.72 5.59 3.35 5 4.52 6.57 4.65 4.4 4.9 6.81 4.58 2.87 3.88 3.38 4.54 2.89 5.01 1.79 2.85 5.69 4.18 6.01 3.68 6.01 4.42 3.33 6.62 3.35 8.38 7.95 6.36 5.22 6.42 4.56 2.15 5.97 7.1 1.55 2.28 2.94 4.28 4.16 4.01 5.02 5.59 3.81 5.89 8.08 5.75 6.54 4.51 8.25 6.59 6.1 8.21 5.52 6.29 6.2 2.33 3.96 7.71 2.1 6.62 3.89 5.94 4.4 9.14 3.15
"11" 4.21 6.57 4.05 6.25 7.69 3.85 5.23 5.27 2.85 3.24 7.38 2.96 7.55 5.71 6.76 1.29 3.49 7.63 4.47 5.44 5.14 5.24 9.59 3.06 5.39 2.21 3.18 5.06 3.94 7.35 5.84 5.32 6.19 7.35 6.61 3.8 5.8 1.74 7.93 3.12 5.31 3.06 9.79 4.29 3.13 1.84 3.58 6.3 3.04 3.49 3.39 7.25 6.09 4.24 5.61 2.79 9.41 6.54 3.7 4.35 4.97 8.15 3.22 4.45 2 4.68 4.76 7.45 7.64 5.22 6.28 3.86 8.78 2.98 1.79 4.12 5.16 5.37 6.68 0.59 4.3 2.32 7.27 5.4 3.13 6.32 1.61 4.33 7.32 3.67 1.82 4.95
"12" 5.68 6.35 5.36 4.95 4.94 -0.54 4.51 5.14 6.78 5.87 5.98 6.21 5.37 5.51 5.87 5.27 4.3 4.85 4.51 6.68 5.79 1.86 3.14 0.45 7.58 4.62 5.72 3.98 3.96 3.91 6.98 2.83 4.47 2.13 2.26 5.48 4.53 5.89 5.49 3.69 4.94 9.27 4.27 5.03 1.74 6.35 5.22 4.89 6.81 6.3 3.82 0.82 1.81 -0.51 5.84 3.65 4.44 7.31 4.37 5.37 4.38 4.16 3.54 7.65 7.6 10.1 4.52 3.43 6.28 6.09 1.56 6.73 0.27 7.51 4.66 3.73 2.6 3.31 3.95 4.13 3.06 2.58 3.69 4.32 2.46 5.16 4.85 3.84 2.72 5.41 4.8 9.79
"13" 4.05 2.6 2.53 5.35 2.02 3.14 5.64 3.29 6.34 3.83 3.52 7.05 8.06 6.78 6.8 0.53 3.31 3.43 5.46 4.39 2.57 2.06 6.74 3.67 3.07 2.19 5.06 2.23 3.38 4.3 5.77 7.66 4.58 8.32 4.47 7.64 1.84 8.53 4.76 5.35 3.82 7.12 5.32 5.63 2.27 7.82 5.17 4.1 2.92 6.18 5.21 6.29 3.11 10.36 10.35 2.48 3.58 5.23 3.29 2.68 2.48 7.95 5.93 2.86 6.8 4.21 5.45 4.3 5.67 4.62 3.66 3.85 4.47 1.61 7.31 5.3 4.27 3.75 3.06 8.63 5.47 7.28 5.79 6.24 2.66 5.16 7.84 4.39 3.57 3.9 4.34 3.99
"14" 6.5 4.28 1.07 11.05 7.28 3.91 4.26 -0.41 4.73 1.88 3.87 4.88 8.94 7.4 5.68 2.89 6.24 4.66 5 8.56 6.29 8.08 7.34 6.21 0.67 6.22 4.7 8.79 5.77 4.01 4.6 6.42 3.5 3.24 4.79 6.36 0.97 4.15 6.16 6.05 2.28 3.59 -1.61 6.56 4.31 6.9 3.09 5.47 7.37 4.09 2.4 7.15 3.58 3.14 5.62 5.34 6.35 5.77 2.86 5.69 4.71 5.44 -0.07 4.01 5.45 3.68 6.09 4.97 1.68 5.87 3.75 7.91 5.5 8.56 4.61 8.69 4.61 6.09 3.92 4.41 6.66 5.17 9.48 2.12 6.65 6.81 6.82 7.5 4.69 3.03 4.28 5.24
"15" 6.82 4.39 4.22 5.98 4.35 3.18 8.88 2.98 4.33 5.72 5.8 0.07 3.44 3.49 4.79 4.95 5.65 5.29 5.24 4.5 5.6 4.41 8.06 7.16 6.1 4.11 4.49 4.25 1.97 3.22 7.58 3.55 2.77 6.32 2.59 1.82 4.19 1.87 0.34 3.17 5.8 5.28 6.41 5.76 4.97 2.6 5.3 5.11 2.97 5.52 7.17 8.3 8.93 6.68 6.77 7.46 5.73 7.88 2.68 1.72 6.94 3.44 1.87 -0.51 5.14 6.53 3.51 3.43 4.6 5.8 6.99 5.6 0.03 6.47 -0.52 3.57 8.08 4.9 5.06 2.82 6.72 0.84 5.45 6.78 2.69 4.64 4.71 3.84 1.61 4.52 5.17 4.41
"16" 6.71 3.89 7.01 7.59 6.22 4.5 1.04 4.8 5.86 4 6.71 5.75 7.45 7.34 4.4 2.7 5.61 6.33 3.57 4.54 5.31 9.21 2.14 4.82 7.11 1.75 5.61 5.11 5.99 8.87 5.65 4.76 1.32 6.18 6.66 4.16 7.49 6.16 3.95 7.14 5.81 2.16 2.54 5.45 9.99 4.55 3.39 7.06 5.11 3.88 1.39 4.46 4.94 4.96 4.8 8.04 2.01 4.97 0.6 2.83 4.86 4.17 4.88 7.69 6.12 2.91 3.8 6.94 4.52 7.76 5.72 6.39 5.68 2.13 3.77 3.79 5.24 2.66 2.68 2.56 4.56 5.05 5.4 2.95 6.77 5.07 2.1 4.98 3.33 4.72 6.02 4.6
"17" 3.32 6.7 4.22 5.59 6.38 5.39 5.37 4.97 3.75 2.3 5.19 5.45 3.69 6.05 4.69 2.4 6.3 5.02 4.14 2.06 3.21 2.28 5.36 6.58 6.79 1.88 4.51 3.22 7.59 3.56 1.7 2.79 0.24 5.65 6.58 6.93 6.62 3.38 3.27 5.57 3.36 0.1 5.77 7.46 7.36 6.19 2.12 2.68 4.13 5.41 1.59 5.59 4.01 6.99 2.88 6.95 5.44 2.28 4.02 5.49 5.15 5.59 5.44 2.49 5.79 5.87 6.8 1.49 4.31 2.92 5.12 6.77 8.62 2.32 4.28 6.43 6.85 8.22 7.39 4.88 7.06 6.28 0.78 5.89 -0.48 3.45 5.77 4.84 7.23 2.95 5.08 1.9
"18" 3.06 5.63 3.25 6.44 5.54 3.82 8.68 7.47 5.76 8.41 5.04 7.88 5.2 4.89 5.78 6.13 6.93 5.56 3.98 4.94 7.58 5.21 1.91 7.38 5.8 4.58 2.75 2.57 6.87 4.51 3.15 2.83 5.09 7.34 0.84 6.54 4.83 2.97 4.2 4.77 5.79 4.43 8.07 4.57 6.66 5.64 3.22 3.13 6.03 6.8 6.27 3.13 4.73 6.17 6.79 9.22 2.8 4.15 5.74 2.76 4.28 2.93 2.78 3.35 0.43 5.42 2.78 4.72 4.49 3.64 4.65 3.26 3.59 6.1 4.63 5.01 3.97 3.91 7.13 2.24 2.14 5.1 6.35 9.61 4.5 0.97 5.18 3.59 5.23 4.75 4.42 5.6
"19" 4.71 0.3 3.86 6.59 6.11 6.71 6.89 7.24 6.71 6.18 4.31 3.6 6.65 3.91 6.35 9.12 4.39 6.68 7.24 3.66 6.4 3.13 5.52 7.75 6.23 5.65 4.92 6.17 7.12 6.47 2.19 4.18 3.48 3.11 3.88 7.05 5.69 2.91 6.77 2.43 2.03 5.86 7.38 6.79 6.78 3.5 5.92 5.53 10.69 5.46 5.96 4.77 3.07 5.85 3.83 4.92 3.06 6.61 3.22 3.41 6.95 6.28 4.09 4.73 6.16 4.04 3.88 1.54 5 4.36 6.77 5.31 4.22 6.19 8.11 3.34 4.19 8.91 6.47 6.25 4.7 1.95 8.86 1.78 3.97 5.15 5.94 6.14 1.3 6.74 5.49 5.19
"20" 4.8 5.41 5.73 9.28 5.35 3.62 0.99 4.65 3.62 3.83 7.38 2.97 3.01 7.4 6.63 6.01 4.06 3.58 4.34 7.3 4.05 4.17 8.31 1.99 4.98 6.95 3.24 8.48 3.05 5.39 4.84 4.76 4.09 4 4.4 6.35 6.76 2.45 5.99 0.33 4.62 3.69 3.08 4.43 4.91 7.26 2.43 6.82 2.86 2.91 5.64 5.61 8.99 4.13 7.86 6.42 2.84 5.96 1.02 4.49 5.37 0.11 6.59 9.07 3.34 3.94 6.22 8.45 6.74 1.99 8.89 5.06 4.3 2.57 8.06 2.31 5.36 4.73 7.23 3.67 7.29 2.77 3.41 4.52 7.08 5.86 5.83 6.45 0.27 9.46 6.81 3.39
"21" 5.83 4.02 4.65 7.58 5.64 2.81 6.75 7.74 2.78 3.91 9.26 4.76 5.04 4.45 7.18 8.18 3.39 5.41 6.22 4.09 3.23 9.3 6.93 3.48 6.22 4.08 5.34 2.17 2.05 4.7 7.56 7.13 7.7 3.43 3.01 5.84 6.48 0.5 5.27 3.65 6.11 4.62 4.74 2.46 5.46 7.29 4.5 8.23 6.2 8.23 5.89 3.46 3.94 3.25 2.68 4.15 3.18 6.03 6.86 6.76 4.42 8.66 5.09 5.89 6.84 4.48 7.6 7.43 7 5.97 3.97 3.92 4.54 6.59 5.77 3.03 2.41 2.42 6.14 4.45 2.15 -0.18 7.02 3.16 6.51 2.72 7.34 4.83 5.9 1.65 6.75 7.15
"22" 5.84 10.3 4.06 6.61 2.87 3.96 4.49 4.38 5.77 5.2 3.32 10.11 5.29 8.18 8.85 2.38 7.63 9.09 2.52 1.26 -0.14 4.7 2.25 5.21 1.17 4.52 7.07 4.11 6.7 6.66 8.44 5.81 7.71 4.29 2.2 7.7 9.06 6.58 5.53 5.05 5.52 2.85 4.38 8.57 4.56 4.42 7.41 1.27 5.21 3.96 5.16 5.02 5.83 3.25 4.61 -0.07 4.98 5.74 4.62 5.74 7.31 5.25 4.14 2.8 3.93 3.05 3.91 4.04 2.15 5.27 5.03 4.29 7.34 4.02 6.13 4.6 4.54 5.12 5.9 2.34 9.01 3.22 4.37 6.41 2.92 8.52 3.08 3.61 3.38 4.77 0.53 4.75
"23" 5.76 0.87 6.22 4.2 6.64 7.05 5.09 2.25 3.02 10.38 0.26 4.58 7.46 1.37 3.78 3.76 6.63 0.56 6.15 4.93 3.91 4.32 5.09 4.9 2.88 4.29 2.1 5.74 9.05 6.3 5.71 6.89 9.23 6.1 2.93 7.56 4.97 4.93 5.5 6.9 3.45 3.96 7.6 6.02 2.28 8.54 2.04 3.88 3.43 3.78 5.96 6.73 3.95 2.53 3.66 8.28 2.16 7.36 6.74 1.26 0.13 5.1 2.68 1.48 2.95 5.21 3.43 5.56 5.05 7.97 5.71 5.63 4.66 3.31 5.37 2.76 4.5 0.54 6.01 6.18 6.04 2.02 6.6 4.89 8.08 6.67 3.69 4.22 4.49 2.82 5.3 8.24
"24" 5.02 5.06 3.29 3.61 3.44 1.42 1.95 2.79 6.67 5.59 5.62 4.11 4.27 7.05 6.52 2.59 4.35 5.05 4.01 2.21 4.67 4.93 7.06 5.6 6 3.92 5.26 5.34 1.81 7.92 4.59 6.38 7.7 2.87 2.82 6.78 2.85 3.85 3.9 5.31 6.76 1.04 5.91 1.06 5.65 5.21 4.3 6.62 4.28 4.44 2.4 8.19 3.52 5.2 6.64 5.91 2.74 4.87 6.55 4.48 6.49 2.24 4.6 8.16 4.64 4.73 6.43 8.4 1.94 6.04 2.57 6.53 6.61 1.5 4.62 6.89 5.07 6.89 6.52 3.76 9.01 3.36 5.95 3.58 3.79 4.24 1.69 3.83 8.16 7.42 9.38 6.25
"25" 6.54 6.4 5.53 5.9 3.04 6.9 8.56 4.77 6.78 6.95 4.26 3.68 6.93 5.39 4.95 5.94 4.65 5.2 5.65 3.07 4.6 7.58 4.93 8.03 4.52 5.81 4.37 4.01 5.94 2.97 3.63 3.82 6.56 4.97 3.39 7.95 0.87 4.34 7.68 6.29 5.6 8.85 7.47 2.08 5.27 4.29 4.3 5.39 7.03 6.68 3.72 6.33 4.57 5.63 7.62 7.49 2.52 3.46 7.86 5.19 4.66 4.47 3.8 4.81 4.87 5.09 8.04 5.8 3.97 9.03 1.29 4.18 1.68 7.69 5.3 3.71 4.41 3.93 5.22 2.61 7.27 5.37 0.71 6.87 3.34 6.54 3.6 5.57 5.23 1.67 6.48 5.9
"26" 4.64 7.23 6.6 4.81 6.55 4.13 6.82 8.02 5.73 6.13 1.04 3.74 5.7 3.88 3.24 3.49 5.49 6.52 4.02 6.09 7.1 5.68 1.68 5.16 5.03 2.65 8.13 6.09 4.59 4.52 4.23 0.42 4.69 2.15 3.29 5.32 5.07 2.37 5.28 5.28 6.47 6.05 3.05 6.11 6.8 1.44 2.29 7.06 5.34 6.19 6.87 3.81 3.19 5.61 5.96 5.6 4.24 4.04 3.64 5.05 6.14 6.48 4.2 6.71 4.1 1.22 5.79 4.41 3.08 0.94 7.65 6.07 8.11 8.37 2.25 3.19 6.04 3.56 2.81 5.9 4.59 2.74 0.77 2.7 6.15 1.26 3.24 0.41 3.39 4.43 4.11 5.03
"27" 2.58 6.67 5.1 6.35 1.03 3.53 5.48 2.43 3.74 5.07 4.83 7.69 4.21 2.75 1.63 4.87 4.71 0.98 3.64 2.44 7.34 4.79 5.69 3.52 3.54 6.16 1.79 3.27 7.15 7.11 5.16 11.4 4.55 5.14 8.12 4.41 7.62 5.26 2.93 5.54 3.5 10.9 6.09 5.29 5.29 6.16 7.77 3.5 4.82 6.74 5.81 6.03 4.02 4.35 3.47 1.81 1.99 5.21 2.2 5.86 7.67 4.2 5.31 3.57 6.89 6.39 4.1 5.72 4.22 5.17 6.58 4.52 4.22 7.18 3.71 4.93 3.03 5.57 3.93 6.3 1.67 0.9 6.68 5.51 2.68 5.03 5.31 3.79 4.77 10 8.11 4
"28" 6.13 6.44 0.24 1.59 5.24 5.74 5.32 5.71 8.9 3.82 8.49 6.5 6.88 4.49 6.94 3.62 5.37 6.1 5.67 1.08 3.22 6.74 5.53 2.28 4.83 7.94 5.5 5.15 5.17 7.95 7.3 4.56 5.34 6.34 6.91 7.44 5.06 6.12 6.23 7.31 4.8 3.08 6.21 3.63 4.79 2.04 1.9 4.49 5.84 3.95 7.34 1.32 8.67 5.01 3.53 7.81 4.48 5.82 3.23 6.69 3.79 9.23 4.92 6.95 5.48 2.82 5.4 2.55 4.52 8.35 3.19 7.3 2.92 7.57 4.83 2.68 6.47 3.43 4.93 6.56 5.98 9.23 5.57 3.17 4.34 5.09 2.89 1.29 5.76 7.23 2.79 3.34
"29" 5.57 4.21 5.19 3.05 8.73 5.83 4.46 3.78 4.71 5.42 4.68 3.32 4.57 5.91 5.55 8.52 6.17 4.02 7.03 5.83 3.83 3.14 4.84 4.99 6.66 5.26 6.14 5.84 3.98 7.25 2.69 4.59 3.37 2.1 8.22 5.32 4.49 3.84 2.86 7.41 3.46 6.07 9.44 7.98 7.11 5.19 2.44 3.3 0.83 2.1 8.38 3.31 4.41 3.65 4.53 2 8.27 5.13 3.15 0.74 5.99 5.84 6.4 6.48 5.18 2.08 4.98 3.73 6.26 5.56 5.56 6.06 10.02 3.85 4.57 6.11 4.99 4.48 5.08 7.9 4.98 5.89 3.01 3.3 7.42 5.6 2.03 2.65 5.51 4.13 4.31 4.82
"30" 4.22 4.51 3.68 5.49 5.48 6.64 3.03 5.31 4.81 4.54 5.02 2.85 6.4 4.4 6.41 5.05 7.45 3.14 7.1 7.27 6.87 5.79 4.65 6.88 4.83 6.2 2.92 1.66 2.47 6.23 5.79 3.78 2.11 5.23 8.13 4.83 6.79 7.29 -1.03 3.85 9.17 4.66 5.97 6.89 3.69 1.65 2.58 4.99 3.53 3.75 2.77 5.24 6.02 5.59 3.12 4.75 6.56 4.37 3.03 6.75 4.65 0.51 7.72 3.11 7.72 3.34 4.13 5.98 9.27 6.05 -0.24 4.35 6.67 1.32 1.96 4.53 4.43 5.24 3.47 7.8 6.46 6.84 7.92 4.51 4.9 3.6 3.6 3.5 5.14 6.97 5.48 6.97
"31" 7.96 5.63 5.5 7.51 8.6 6.82 4.76 4.95 4.55 8.14 4.96 5.28 1.01 3.72 4.75 -0.86 6.87 7.73 6.81 5.12 6.95 3.1 4.02 4.03 6.2 6.56 3.88 7.15 2.23 4.35 5.29 4.45 1.25 4.56 8.28 3.46 8.54 5.51 5.08 3.46 5.2 7.29 1.81 2.41 3.58 2.47 7.77 5.15 8.47 6.22 6.16 7.17 2.36 1.84 6.41 2.97 3.82 3.2 4.23 5.83 1.21 4.3 4.62 5.89 6.03 4.06 6.65 3.47 5.82 2.51 7 3.92 2.42 3.77 6.91 3.28 4.62 3.24 2.86 6.36 7.75 5.71 5.64 3.47 1.15 4.53 5.43 3.1 3.91 8.49 6.09 2.13
"32" 4.62 3.81 4.66 3.12 6.4 5.01 5.57 4.78 3.56 6.75 3.81 10.37 5.62 3.96 5.51 4.93 3.31 6.14 6.91 1.9 8.45 7.84 0.87 9.22 5.32 6.22 2.65 4 2.88 8.12 5.94 5.44 3.12 4.12 6.95 5.02 4.44 6.4 6.24 3.54 2.72 3.37 6.17 1.84 3.51 4.91 7.73 5.76 4.98 5.63 4.11 6.67 3.83 4.7 1.14 2.73 6.86 5.73 5.54 6.78 4.58 7.79 6.73 4.81 7.43 4.36 1.27 6.94 1.9 3.74 6.98 4.79 3.16 5.45 1.91 5.26 3.32 3.04 1.51 6.62 7.02 3.62 4.76 1.32 7.04 9.31 -0.29 4.91 5.95 2.83 3.94 7.76
"33" 1.08 5.16 5.15 1.57 3.74 6.96 5.7 4.34 4.14 6.67 6.43 6.94 8.46 6.01 2.03 4.77 4.53 5.25 8.41 7.3 5.26 6.28 3.16 4.25 2.53 4.17 3.9 3.17 3.94 5.22 2.57 3.83 6.74 4.25 6.41 6.68 5.89 3.03 8.97 3.31 7.89 3.88 8.48 7.29 6.58 4.24 0.35 1.8 6.91 6.22 5.08 5.74 4.43 7.25 2.06 4.58 5.87 3.99 6.41 7.43 8.48 1.9 2.19 3.52 3.76 4.96 7.79 4.63 2.79 5.16 3.16 3.92 4.68 6.33 -0.04 5.53 3.84 1.08 5.49 3.29 4.75 6.22 6.93 3.24 2.48 6.39 5.72 8.88 4.8 6.82 7.34 5.55
"34" 6.62 4.13 5.03 3.36 6.39 3.3 1.29 4.42 3.87 5.27 8.48 8.42 7.41 4.63 4.35 4.1 4.65 6.65 4.34 5.65 7.94 4.46 4.98 5.21 4.8 3.26 7.71 4 6.04 7.23 6.69 2.98 4.25 4.09 8.4 5.88 4.56 6.04 3.57 5.22 4.74 4.08 2.25 4.75 2.93 3.27 5.67 10.74 4.34 1.96 6.12 6.7 5.41 5.32 9.41 5.64 2 5.84 6.53 3.32 6.3 2.66 8.93 6.77 5.56 5.63 3.91 7.35 6.75 5.45 3.22 5.37 4.54 4.96 4.66 6.5 4.37 4.62 2.8 7.5 4.26 3.36 6.01 3.59 3.01 5.21 6.5 5.02 8.55 3.75 2.59 1.49
"35" 4.36 5.3 4.11 4.03 5.33 4.29 2.58 6.81 7.65 3.49 7.94 4.36 8.23 -0.53 6.95 5.24 2.23 4.4 5.38 4.79 9.69 4.2 0.96 5.5 4.37 1.71 1.55 4.54 1.67 2.91 4.54 5.19 4.24 3.91 4.93 3.31 5.84 6.12 4.83 5.02 5.06 2.43 1.57 6.44 6.16 7.8 4.74 6.27 7.13 6.58 5.77 6.39 7.1 5.6 5.89 4.01 2 3.94 5.03 4.93 6.62 0.99 5.93 4.18 1.17 5.19 7.28 5.86 2.52 4.4 3.2 6.24 1.85 4.3 7.33 4.72 2.8 6.49 6.04 3.08 3.99 6.47 0.8 6.81 5.23 5.54 4.54 8.27 4.98 3.84 5.79 5.07
"36" 9.82 1.89 7.17 5.4 2.31 4.55 5.25 6.68 5.26 2.42 5.48 6.75 4.1 2.85 1.45 3.1 1.27 7.88 7.19 5.07 3.1 6.3 8.22 6.18 5 4.94 6.89 6.08 3.55 5.99 5.24 5.91 3.88 3.12 7.06 3.81 4.69 5.77 4.94 6.97 7.91 1.11 8.38 6.06 6.51 2.1 6.7 4.27 5.19 6.06 6.83 8.19 7.32 9.38 3.44 5.16 3.28 7.79 5.51 3.76 2 2.56 -1.11 5.24 5.56 5.29 6.61 5.19 6.09 9.11 0.78 7.79 6.28 3.93 1.56 3.16 5.07 2.37 4.96 7.42 5.23 6.89 8.9 4.62 2.7 4.71 7.69 10.64 4.42 3.92 4.47 6.13
"37" 3.51 3.98 6.12 3.59 5.13 3.51 4.81 7.04 1.52 4.55 1.44 0.63 3.26 4.97 5.7 4.21 5.99 5.45 2.49 7.58 3.31 5.56 2.94 6.94 6.05 4.23 4.27 8.99 4.72 6.56 6.31 2.32 6.72 6.43 8.07 3.67 4.51 5.66 4.88 5.89 6.8 6.33 3.12 3.37 2.05 8.73 3.69 4.82 5.33 4.48 4.57 5.91 4.76 7.28 5.87 4.89 6.82 5.01 5.25 5.42 3.94 4.12 4.59 4.41 10.14 8.12 8.41 4.29 3.93 5.65 6.65 7.15 5.85 5.43 4.88 3.35 5.08 4.92 6.02 3.87 3.4 1.71 4.24 3.83 7.15 6.19 4.03 5.11 6.33 3.56 6.23 7.6
"38" 7.29 6.85 1.97 5.55 2.72 2.41 5.9 6.48 3.77 6.68 7.11 3.64 4.47 3.19 6.4 4.02 4.79 4.71 5.73 4.34 5.71 2.66 6.52 5.68 6.88 3.01 4.99 6.48 3.69 3.84 3.57 4.02 4.09 5 7.68 5.17 6.22 6.35 3.09 2.85 5.75 4.24 3.7 4.52 5.39 7.11 9.69 2.13 5.74 3.43 4.61 6.37 6.9 0.26 7.24 3.96 3.53 3.75 6.26 4 5.69 7.89 3.92 7.09 7.25 5.84 8.54 4.4 5.85 7.63 5.41 3.42 3.56 4.73 4.89 3.38 3.71 2.71 7.32 2.2 5.37 6.03 1.85 8.17 9.03 2.53 7.03 6.18 7.09 3.95 5.24 5.65
"39" 4.7 2.96 1.8 5.16 5.72 4.71 5.24 6.57 3.86 4.83 6.21 5.87 2.93 5.25 4.06 5.61 5.26 3.99 7.39 5.11 5.2 -0.51 6.53 4.27 2.01 9.67 6.47 6.64 6.61 2.72 3.38 5.47 6.04 4.67 2.27 5.76 2.82 3.3 3.96 5.87 3.54 4.3 5.48 3.52 -0.31 6.16 0.63 4.64 1.4 7.41 3.92 5.79 7.16 4.65 8.16 4.58 1.68 8.58 7.23 4.04 3.27 5 0.27 6.81 6.22 7.65 2.15 8.6 -0.44 9.06 9.95 3.5 5.28 6.26 7.09 6.84 6.95 3.07 7.08 3.92 0.34 7.21 4.82 7.42 3.44 4.68 5.46 3.61 4.73 8.62 2.57 4.48
"40" 3.06 4.26 5.05 4.92 2.15 5.94 7.15 7.47 5.61 5.47 4.63 5.71 5.31 6.16 5.35 7.65 5.45 5.52 5.61 7.16 5.37 4.62 7.3 0.54 8.83 3.92 5.62 3.49 3.7 3.8 5.03 5.43 5.22 10.97 5.94 9.48 3.92 2.16 5.31 7.86 4.78 5.73 0.91 6 2.18 5.21 4.72 5.43 5.2 4.7 7.68 3.41 3.14 2.33 1.89 3.27 7.66 1.67 5.75 4.42 6.21 4.46 5.09 3.23 6.01 6.06 3.05 3.26 4.2 7.07 6.88 6.55 4.66 7.97 4.35 2.38 9.17 1.85 4.76 3.39 8.6 5.62 4.9 5.29 2.13 6.38 6 4.7 6.07 7.14 6.55 1.79
"41" 3.19 6.5 3.69 6.11 1.63 7.17 5.8 5.9 3.74 6.33 9.21 3.45 4.57 4.61 6.77 4.73 7.8 4.73 1.68 1.71 5.17 4.68 2.95 6.57 5.35 3.53 4.77 8.15 5.21 5.86 0.61 5.23 2.94 4.11 3.04 3.24 8.69 2.66 1.98 5.11 5.87 4.48 5.27 3.26 4 3.88 4.26 3.97 3.33 6.05 9.9 4.95 8.16 6.96 7.35 5.61 5.7 6.46 6.79 6.46 7.1 3.63 3.27 0.71 3.15 8.93 2.48 3.62 5 0.57 5.83 2.65 3.64 3.27 3.32 5.95 3.82 7.17 0.12 4.38 7.89 6.63 3.88 11.75 6.62 6.45 5.42 6.89 4.63 4.92 7.42 2.82
"42" 6.4 6.87 1.97 4.75 4.05 5.87 3.98 6.32 0.77 6.44 7.92 5.91 0.63 6.11 5.08 4.46 3.65 0.74 1.6 3.82 8 4.94 5.22 9.38 2.66 3.66 4.85 8.1 4.84 3.05 3.86 6.03 7.55 6.42 0.6 2.22 6.31 6.52 5.97 4.7 3.43 4.05 4.68 1.7 5.26 6.21 2.94 8.08 9.54 5.97 4.99 3.31 8.03 7.48 6.1 4.9 5.3 3.42 3.05 6.2 4.19 5.36 4.97 3.75 4.48 3.46 5.63 5.35 2.47 6.26 4.56 5.41 3.1 6.94 4.13 5.33 5.22 3.94 5.36 7.53 5.55 3.29 5.91 6.43 4.66 2.19 6.79 6.96 8.16 4.4 5.92 4.75
"43" 4.67 5.57 6.89 4.04 9.12 5.94 8.14 3.98 5.46 2.78 2.07 6.83 4.39 3.9 7.84 1.94 2.83 5.82 2.65 8.85 2.46 3.37 5.69 2.87 4.56 2.3 5.42 3.29 2.49 3 3.93 4.01 4.1 3.98 5.53 6.61 7.24 1.43 5.51 5.14 6.32 7.25 3.16 6.28 4.19 5.74 4.14 3.22 6.35 5.2 6.78 8.02 4.99 7.39 5.04 3.28 6.04 6.56 7.99 6.54 8.68 4.83 3.82 5 2.51 6.31 3.45 6.07 7.97 1.47 4.59 5.89 5.5 2.31 5.7 4.55 2.32 2.34 2.99 5.46 6.78 2.93 5.82 4.93 7.04 5.65 3.44 4.69 7.63 0.81 2.63 7.22
"44" 1.42 2.8 6.33 8.11 6.1 5.4 5.58 1.66 3.9 8.41 7.93 6.87 5.96 4.86 5.1 2.35 5.13 6.53 2.95 8.35 4.28 5.65 5.57 7.18 4.26 3.43 1.17 6.52 5.02 2.43 6.4 6.99 7.26 1.54 4.54 2.42 2.13 5.82 5.08 6.71 6.07 1.74 7.03 3.67 7.35 3.6 5.32 3.28 4.28 5.48 4.29 4.74 3.54 3.72 7.98 6.51 6.83 6.58 1.86 6.68 6.67 7.07 5.87 2.5 5.51 4.51 4.63 5.33 6.59 5.55 3.78 4.74 4.58 6.56 3.85 6.66 9.28 5.93 2.5 5.65 7.73 2.2 7.09 4.74 5.59 5.24 1.09 4.18 4.47 8.39 4.78 6.51
"45" 7.09 5.29 6.91 5.44 4.51 5.45 3.86 2.33 4.06 3.26 4.41 8.32 6.52 3.83 3.39 7.86 3.81 8.16 1.46 9.25 6.73 2.73 4.68 7.29 7.56 3.01 7.83 3.17 6.49 6.97 7.86 9.01 4.34 1.43 3.49 4.84 3.78 6.51 6.57 3.02 5.52 5.27 2.92 3.61 6.87 2.91 4.73 6.86 3.65 5.01 5.53 7.67 7.88 5.73 4.95 6.99 3.34 4.91 5.19 3.04 8.36 5.4 3.93 7.1 8.09 3.38 4.28 5.32 4.47 3.8 8.06 5.53 1.34 8.52 3.51 1.08 3.17 2.43 6.39 3.64 6.77 6.91 1.08 4.42 4.23 6.61 4.94 2.75 5.86 6.17 4.16 5.99
"46" 5.81 5.16 3.7 3.77 6.94 5.74 6.37 6.15 5.59 2.75 5.77 6.81 4.25 5.08 2.34 3.71 5.14 7.53 6.58 9.35 8.02 4.3 4.79 6.32 3.87 4.53 5.02 6.12 4.52 6.69 6.04 4.14 4.49 5.12 -0.45 5.17 6.81 6.98 3.69 3.05 1.83 7.26 5.13 5.06 4.86 5.18 2.33 5.77 5.62 2.62 5.11 3.88 0.84 5.61 6.75 9.01 5.1 6.8 3.58 5.55 10.48 5.24 7.4 6.46 5.7 4.32 4.9 2.31 1.6 4.49 5.53 3.93 3.66 4.07 8.63 9.11 2.54 5.22 8.48 5.35 6.06 8.44 4.13 5.19 7.22 3.89 6.07 8.21 4.08 2.73 5.69 8.35
"47" 2.7 6.32 3.01 7.62 1.22 4.51 3.88 3.93 5.71 8.35 0.49 3.55 5.12 7.88 5.52 7.53 0.81 2.5 7.01 3.75 5.61 5.47 5.53 7.74 4.11 3.53 3.74 4.99 8.41 5.44 1.2 4.8 2.92 4.04 6.39 4.83 5.79 5.55 6.37 5.83 1.87 6.27 2.74 6.21 7.07 4.71 5.58 7.19 7.46 4.64 3.45 5.2 4.55 7.59 2.71 4.88 9.97 6.85 6.82 4.59 7.05 1.66 5.01 8.88 7.85 3.68 6.71 3.95 3.75 2.17 2.2 7.5 6.43 5.33 4.12 7.66 1.84 6.02 3.53 4.64 4.16 6.08 5.99 5.75 6.63 4.52 3.94 5.52 4.06 5.78 5.98 7.11
"48" 3.13 6.8 1.91 6.25 7.01 3.77 4.98 5.12 6.99 4.26 8.1 3.66 6.23 4.53 7.2 3.13 2.39 3.42 2.84 6.15 4.96 4.08 8.52 1.76 7.11 4.4 5.48 2.65 4.33 6.87 2.5 4.82 8 3.13 3.44 4.99 5.73 7.26 5.88 5.84 4.46 1.27 8.14 6.07 9.45 4.4 5.35 -1.83 5.49 5.38 5.56 4.67 5.81 5.59 8.36 5.77 7.23 5.01 5.43 5.4 6.74 6.87 3.75 5.63 3.98 3.96 3.12 4.29 4.41 3.94 6.39 3.16 2.24 5.36 3.78 4.87 4.63 3.75 4.22 4.66 3.94 3.7 3.89 2.59 2.17 4.15 7.05 2.11 2.24 5.1 5.62 4.38
"49" 4.95 6.9 5.61 0.32 4.8 2.85 2.16 2.72 3.42 1.85 7.34 4.59 5.44 1.99 5.2 5.17 3.45 3.82 1.57 6.26 5.81 8.81 4.56 5.21 1.6 3.21 3.41 6.4 6.75 4.33 8.23 7.75 3.91 6.38 6.12 5.69 5.01 6.61 3.74 3.7 7.56 1.17 5.35 7 6.8 6.45 6.83 6.29 7.22 8.55 1.72 6.73 6.55 7.43 4.99 3.78 6.9 3.43 10.38 2.81 5.65 2.12 5.42 3.09 4.71 7.74 3.94 3.84 3.13 1.74 2.78 4.81 3.88 7.17 8.85 6.17 4.39 9.08 7 7.64 4.46 8.04 7.29 4.23 2.82 5.3 6.94 6.68 5.15 1.36 5.68 3.6
"50" 2.93 5.68 5.28 5.79 6.39 4.77 6.67 4.9 3.95 0.24 5.6 5.96 3.19 5.05 7.62 6.67 5.33 4.74 6.49 3.85 8.88 6.7 0.63 4.62 4.18 3.39 8.57 5.13 2.79 7.05 6.22 5.99 4.72 8.46 9.66 6.75 5.03 2.88 5.66 7.2 6.94 9.63 6.92 3.95 5.52 7.97 4.15 6.48 4.45 3.78 7.64 2.99 0.31 4.04 5.8 2.97 6.12 4.77 8.23 3.31 6.34 4.18 7.42 2.08 4.89 4.34 0.95 5.91 7.14 6.51 6.35 6.97 5.67 2.23 5.4 4.67 6.26 5.09 3.36 4.94 5.94 6.65 3.66 5.9 9.4 5.59 9.97 4.2 7.57 5.41 1.6 2.28
"51" 5.99 4.76 7.86 5.42 12.55 7.74 3.97 4.6 2.98 6.16 6.68 4.47 6.74 9.33 5.19 2.73 4.6 3.61 5.18 2.01 1.79 3.36 6.69 5.67 8.14 5 4.51 5.51 4.44 5.25 1.98 4.07 6.09 7.06 8.11 8.76 4.07 2.97 4.41 5.19 5.02 8.57 8.55 5.1 2.77 6.76 4.55 5.71 6.21 5.11 6.72 3.46 8.97 4.26 7.21 5.18 5.11 2.83 -0.19 5.64 2.99 6.28 5.45 7.17 6.14 2.48 5.76 2.6 3.51 5.81 7.72 7.09 3.6 2.27 2.53 2.71 7.91 5.02 6.04 7.58 6.36 2.7 7.23 6.5 4.96 9.97 8.55 6.9 4.04 8.16 4.57 8.45
"52" 5.05 3.25 7.03 5.53 2.29 6.16 5.19 5.65 5.74 4.44 4.16 6.93 5.86 5.63 7.98 3.98 3.52 8.81 7.14 6.43 8.78 0.08 9.22 9.22 4.6 5.71 4.29 6.94 5.61 7.01 2.39 5.41 3.44 4.44 4.49 7.98 5.15 5.39 7.71 5.32 4.39 7.03 6.5 7.79 3.84 2.84 5.55 5.06 6.13 7.3 7.2 2.82 5.38 8.07 5.81 5.88 5.11 6.27 4.72 2.95 7.09 6.2 7.29 3.96 5.56 3.36 4.25 4.68 8.86 3.02 2.04 4.81 1.21 6.27 1.44 3.29 7.86 5.4 4.6 6.9 9 6.81 1.48 5.1 5.16 2.61 5.95 6.78 6.09 6.51 6.41 4.08
"53" 3.02 3.29 10.33 7.81 6.64 3.79 6.85 2.7 5.18 2.63 8.41 3.86 4.11 6.71 1.76 2.48 6.7 6.93 2.77 4.26 6.88 8.1 4.44 7.91 3.48 5.56 3.24 4.41 4.01 5.03 4.93 7.77 2.81 5.81 3.18 3.23 7.38 6.38 5.43 5.82 5.03 4.73 7.87 3.86 7.41 8.13 3.36 8.14 3.71 5.13 6.06 6.18 7.23 5.1 3.38 4.14 5.98 3.67 6.49 7.98 3.63 4.23 4.92 7.5 6.46 7.72 3.74 3.92 3.77 5.3 5.21 1.51 5.47 3.48 7.41 1.58 8.02 6.36 6.58 6.23 6.57 10.34 6.97 4.41 5.6 5.67 7.77 6.6 5.19 7.38 7.77 6.55
"54" 3.73 5.89 2.59 7.13 4.72 2.11 3.8 3.75 5.66 6.89 2.97 4.33 6.87 5.59 8.34 4.94 5.59 6.92 4.51 5.25 6.96 5.85 4.58 3.95 0.91 3.32 7.25 4.27 8.24 6.08 6.82 3.71 2.38 7.14 5.95 2.43 2.63 4.01 7.6 1.77 5.3 5.12 5.89 5.09 5.74 7.51 4 3.32 7.37 5.02 6.33 5.52 4.1 1.26 10.19 6.08 2.65 4.05 4.15 2.87 1.19 6.46 0.43 5.2 5.9 5.2 4.36 2.06 3.05 1.16 9.87 3.32 2.85 1.63 3.95 7.16 3.48 1.52 6.48 3.78 3.62 9.25 6.8 5.44 4.3 2.64 5.24 4.53 0.43 7.22 4.78 7.15
"55" 6.26 3.3 6.38 5.58 1.15 5.25 5.66 6.58 6.07 6.75 7.29 6.42 4.83 7.01 5.83 6.08 5.75 5.43 7.98 7.18 7.31 3.84 2.89 6.37 3.54 3.37 7.04 2.37 2.27 5.12 6.34 4.92 5.14 8.8 4.71 5.22 2.11 5.38 1.91 5.29 7.19 4.21 2.19 5.69 7.61 3.38 8.14 5.34 6.82 3.69 9.74 3.73 6.33 3.71 1.17 2.29 1.98 7.72 2.8 5 9.05 3.77 5.6 2.38 4.64 6.68 7.1 4.17 4.3 8.96 5.87 8.57 8.44 5.64 6.83 5.07 4.5 6.21 4.23 7.14 5.45 5.47 7.04 5.37 5.5 4.77 5.41 6.08 7.27 8.07 -0.06 7.92
