"V1" "V2" "V3" "V4" "V5" "V6" "V7" "V8" "V9" "V10" "V11" "V12" "V13" "V14" "V15" "V16" "V17" "V18" "V19" "V20" "V21" "V22" "V23" "V24" "V25" "V26" "V27" "V28" "V29" "V30" "V31" "V32" "V33" "V34" "V35" "V36" "V37" "V38" "V39" "V40" "V41" "V42" "V43" "V44" "V45" "V46" "V47" "V48" "V49" "V50" "V51" "V52" "V53" "V54" "V55" "V56" "V57" "V58" "V59" "V60" "V61" "V62" "V63" "V64" "V65" "V66" "V67" "V68" "V69" "V70" "V71" "V72" "V73" "V74" "V75" "V76" "V77" "V78" "V79" "V80" "V81" "V82"
"1" 5.62 4.16 7.71 3.73 7.99 5.03 6.7 4.89 8.49 6.99 5.35 2.25 6.33 6.5 5.44 5.57 2.68 8.57 2.36 4.86 8.37 5.73 5.39 5.18 7.09 5.92 9.41 4.6 6.28 2.6 6.54 6.87 6.77 8.6 5.17 3.11 6.4 1.25 5.79 3.07 5.67 6.06 6.61 7.03 5.15 3.58 1.55 6.37 6.62 4.68 2.83 3.86 4.52 3.75 6.89 6.68 5.49 7.44 4.57 3.5 4.81 4.09 7.69 3.29 6.72 3.67 3.44 5.53 4.77 5.89 5.56 6 5.72 0.77 5.15 4.43 4.8 2.44 6.31 3.85 6.74 8.25
"2" 5.08 2.23 3 5.83 5.57 4.18 7.06 5.01 3.56 4.09 1.05 8.57 4.91 7.58 2.33 3.81 5.37 6.35 4.14 4.18 7 8.24 5.71 4.22 3.46 5.93 6.09 1.2 2.93 5.54 5.3 6.06 6.14 5.23 5.35 5.04 4.86 5.35 3.16 5.76 5.24 0.82 3.23 2.92 2.94 4.27 6.51 -0.6 5.06 9.98 1.54 4.63 1.05 8.67 4.15 10.05 2.07 5.25 2.7 3.8 8.32 6.67 3.07 6.27 4.89 3.89 2.8 2.96 1.3 2.95 2.65 3.67 5.83 4.75 8.01 5.69 5.71 6.45 3.79 6.62 4.2 7.3
"3" 0.7 4.34 3.93 6.94 4.65 2.69 5.37 8.24 3.98 3.81 6.46 6.32 5.5 2.39 3.5 3.65 3.92 3.69 6.13 9.63 6.29 7.45 9.33 1.4 9.13 0.48 4.72 3.43 2.47 7.13 4.08 5.58 6.47 5.59 4.08 6.48 6.56 4.38 5.06 3.83 5.08 4.24 4.27 3.26 3.52 2.29 4.98 1.86 6.32 1.78 3.7 5.62 1.89 4.96 2.48 5.84 3.18 4.41 4.21 4.59 4.6 3.47 4.43 4.68 7.91 2.56 5.7 6.47 4.78 4.36 4.02 2.7 7.46 7.81 5.26 8.77 3.69 6.21 3.17 7.69 7.63 5
"4" 2.33 8.51 8.45 2.87 0.61 4.97 6.39 4.14 3.78 4.29 2.6 3.52 2.22 7.12 6.08 5.18 4.77 6.47 6.11 5.47 4.47 4.83 5.3 4.51 1.7 6.91 7.32 8.41 3.61 5.15 1.33 5.16 2.92 6.64 4.71 3.48 5.94 6.66 4.58 3.75 5.26 7.2 6.89 5.27 3.49 5.87 5.5 4.52 5.23 6.38 2.27 5.58 6.92 6.96 2.09 9.51 3.31 3.44 4.15 1.4 4.9 4.45 6.27 4.37 4.74 3.57 6.04 2.62 6 4.77 8.29 5.6 1.75 7.7 4.38 2.74 8.07 3.46 5.45 10.49 4.63 4.75
"5" 5.88 3.65 2.32 7.37 3.9 5.29 2.64 0.78 5.28 4.96 5.41 6.86 5.57 8.79 4.17 4.65 3.43 3.47 4.43 2.51 5.55 4.36 5.2 4.09 4.5 7.62 7.99 5.4 5.98 6.12 7.21 5.45 7.68 5.86 2.06 11.09 5.79 6.21 2.52 7.27 1.47 6.05 5.92 4.29 11.07 5.74 7.67 5.06 6.46 8.42 4.42 5.28 3.01 5.59 4.59 1.66 6.33 10.09 4.2 2.72 7.02 6.05 5.8 4.99 3.87 3.93 3.7 3.58 6.56 4.5 7.9 7.34 7.33 7.15 3.31 2.93 3.33 4.52 5.71 6.37 4.76 4.46
"6" 6.78 6.46 2.3 7.06 8.3 6.41 5.39 6.95 4.97 5.95 6.56 7.54 4.45 2.73 4.41 4.76 3.38 9.55 8.32 -0.68 2.08 5.03 2.12 7.77 3.24 5.78 5.85 6.9 5.76 5.32 2.31 4.87 8.32 5.69 4.55 3.68 4.29 5.33 6.35 4.22 5.11 5.31 4.01 8.45 2.11 5.22 3.25 9.38 6.09 6.88 7.33 4.82 3.79 8.1 2.07 3.07 5.45 5.95 5.77 5.8 6 3.14 5.56 4.26 4.31 4.27 7.42 8.24 3.64 10.15 4.93 5.23 4.95 3.97 3.37 7.72 5.85 3.4 4.43 -1.05 2.87 5.37
"7" 8.74 3.23 6.39 4.75 5.72 2.72 1.91 5.94 7.57 3.8 4.15 4.64 4.12 4.58 7.77 7.16 3.25 6.46 4.12 4.14 7.46 5.11 6.54 1.27 2.43 7.07 4.91 3.62 6.39 5.4 4.42 4.21 3.01 6.09 7.73 5.81 4.86 4.58 1.59 5.6 1.53 1.12 5.75 2.71 1.8 9.11 6.96 1.96 3.27 2.91 4.98 4.7 3.94 4.43 3.44 2.35 3.67 6.96 -0.92 2.04 2.51 4.93 3.98 5.08 8.69 5.28 8.78 6.79 5.09 2.24 6 6.12 6.11 10.29 2.13 5.58 5.25 4.96 6.86 8 3.88 3.56
"8" 7.54 1.92 5.66 5.35 6.14 5.15 8.35 3.58 5.67 4.15 5.81 5.43 4.76 7.78 4.75 5.16 5.73 7.05 6.16 5.33 2.98 4.5 0.64 6.27 5.56 4.45 4.47 0.35 2.63 2.6 4.93 4.93 3.26 5.57 1.53 4.92 4.12 6.13 6.83 2.02 3.69 1.53 3.01 5.97 2.85 0.34 4.4 3.99 4.03 8.58 4.48 4.44 2.78 4.46 5.13 4.56 7.76 5.59 4.3 5.94 4.05 5.48 6.34 5.42 4.44 2.59 3.01 5.43 5.54 4.67 5.29 3.99 6.61 5.26 5.2 4.59 5.85 3.6 5.57 5.93 5.65 6.81
"9" 6.47 1.64 2.75 3.97 4.15 4.93 7.52 5.32 6.96 6.46 5.08 4.99 6.82 3.78 10.85 4.24 5.79 3.14 4.11 5.1 4.06 5.05 3.61 8.63 4.45 3.03 4.8 7.34 4.63 5.54 3.31 6.65 0.59 3.21 6.28 7.6 4.29 6.42 4.51 7.93 6.41 4.61 4.04 8.97 1.68 3.23 4.99 6.68 6.27 3.95 4.18 10.04 4.39 1.17 8.97 3.17 3.08 4.19 8.32 4.16 1.27 7.43 6.34 8.27 3.81 8.5 0.57 4.86 5.45 6.24 8.09 2.21 2.8 3.16 4.93 6.73 7.57 8.73 5.38 5.56 4.2 1.44
"10" 0.94 8.6 4.72 6.06 5.17 2.29 4.06 3.77 -0.2 6.19 3.35 2.82 5.06 5.76 4.05 4.15 5.48 5.96 1.78 6.5 3.12 3.65 3.08 3.03 5.15 6.77 11.61 6.64 6.54 2.76 4.65 5.36 3.81 4.17 4.43 -0.21 5.71 6.31 5.22 10.17 5.38 3.88 4.03 6.91 4.48 5.73 4.61 10.16 4.28 5.74 1.97 5.85 6.69 2.87 2.72 6.71 5 6.37 5.1 2.12 4.9 6.12 2.77 2.43 7.19 6.79 6.48 4.53 6.77 6.14 3.96 5.87 5.97 1.92 5.26 5.77 5.29 1.98 7.38 4.22 3.29 3.41
"11" 5.19 4.7 6.55 7.12 5.23 2.73 2.85 6.21 5.79 7.37 3.46 6.09 6.61 4.65 8.38 2.35 7.13 5.38 6.08 5.87 8.81 6.22 5.02 5.46 7.97 2.06 4.03 5.45 2.08 5.8 7.57 7.86 6.62 5.72 6.14 2.81 10.34 2.31 2.44 4.35 5.23 4.75 4.32 1.95 5.74 4.07 5.94 0.55 6.34 2.26 4.5 3.12 5.92 7.53 2.88 6.37 7.77 6.65 8.56 7.07 3.43 4.13 8.55 2.94 4.71 4.88 5.42 4.1 5.89 1.48 7.46 4.4 7.74 0.61 6.08 2.46 6.62 4.78 4.47 6.56 6.62 3.18
"12" 3.87 5.92 4.33 5.19 5.32 6.23 6.34 6.47 3.73 4.21 4.84 8.28 3.42 8.91 5.97 4.52 4.17 6.32 4.45 6.9 0.08 1.47 7.37 4.45 4.09 4.86 2.43 4.04 7.44 3.93 10.9 6.25 4.57 5.23 6.84 7.96 2.4 4.18 2.14 7.76 3.22 4.11 6.57 8.63 6.72 6.94 6.17 3.21 6.49 7.19 6.56 6.23 3.87 7.72 3.01 4.99 4.26 5.47 4.88 4.95 3.44 5.63 2.77 10.36 5.99 6.13 9.24 4.5 2.13 7 3.53 1.61 6.3 3.81 3.36 4.07 4.37 7.16 1.22 2.56 4.76 6.64
"13" 3.58 4.41 6.58 1.25 5.32 7.05 3.67 0.88 3.42 6.05 4.28 3.51 5.57 2.41 6.32 3.81 2.77 4.52 4.34 5.27 2.99 4.87 4.5 3.11 1.88 4.05 3.37 4.07 6.89 6.14 7.76 5.4 6.67 8.56 3.15 5.14 5.92 4.73 6.74 5.55 6.75 0.66 5.14 -1.92 7.65 5.52 6.69 10.08 3.9 5.29 4.86 7.08 2.09 4.36 3.92 6.23 4.34 8 5.14 7.11 4.97 8.32 1.57 3.83 3.71 2.88 5.66 3.73 5.59 3.51 2.85 2.16 7.28 8.01 5.11 4.11 9.01 4.81 5.63 3.65 4.27 2
"14" 5.38 4.11 3.53 2.85 3.18 5.62 3.5 7.47 0.07 5.25 5.34 5.87 5.11 5.12 3.45 4.61 5.19 4.53 3.96 8.42 5.9 -0.57 8.05 5.29 6.71 3.27 7.65 4.73 4.24 4.47 3.66 4.42 4.54 4.26 6 8.63 3.83 1.01 3.19 4.72 2.25 4.04 3.71 3.39 3.93 5.78 6.31 6.39 4.95 4.35 5.21 7.62 9.15 5.12 7.1 4.18 4.5 6.13 9 2.9 5.39 3.21 3.89 2.9 4.88 4.77 3.34 5.39 6.7 0.47 9.39 6.28 5.06 4.17 5.57 6.07 6.22 4.8 5.1 3.17 4.56 6.86
"15" 3.02 4.65 4.45 8.12 6.31 7.98 2.99 4.06 4.94 4.82 5.24 3.3 8.1 2.86 7.52 3.18 4.6 5.62 5.9 9.2 2.06 3.65 5.05 3.36 4.12 2.17 3.19 7.34 5.84 4.48 4.41 3.6 3.66 6.94 4.45 3.2 3.46 7.17 3.17 4.01 2.81 4.87 3.39 5.84 3.31 -0.19 4.67 7.17 3.77 3.83 6.45 7.05 4.11 6.95 8.87 2.63 7.18 2.2 5.08 6.13 0.78 4.25 3.34 8.57 5.46 1.91 3.73 6.33 5.19 9.29 3.2 3.6 6.14 6.84 4.22 5.45 4.96 3.09 4.19 7.66 4.47 2.28
"16" 1.54 7.09 7.58 2.66 3.9 3.88 3.57 6.16 4.72 3.83 3.29 4.94 3.92 6.51 6.82 5.26 2.58 3.29 4.44 8.06 6.97 5.59 2.77 4.1 1.97 5.61 3.49 6.94 4.28 10.4 5.14 3.96 5.88 9.01 5.35 8.82 3.72 2.26 5.25 4.81 6.16 6.89 5.62 7.19 3.67 7.6 4.11 7.27 5.25 4.69 5.77 4.48 3.72 2.71 5.3 5.97 6.41 8.04 8.22 5.69 6.28 6.55 5.84 5.81 7.02 3.73 7.89 7.52 4.3 2.78 6.36 4.63 2.35 4.72 1.67 4.44 8.12 5.92 4.98 6.17 1.93 7.67
"17" 4.73 4.85 5.86 5.29 5.14 6.25 4.07 7.73 4.92 3.28 7.86 2.66 7.71 4.6 4.04 5.16 3.85 4.69 4.8 4.75 6.69 5.57 6.59 5.28 3.48 6.74 7.88 2.91 8.32 2.34 8.08 5.71 2.43 5.63 -0.28 4.62 5.61 4.06 5.16 5.77 5.06 4.57 5.82 5.6 5.71 9.69 3.77 4.2 4.7 6.45 2.67 6.19 5.92 5.33 7.51 5.49 3.2 3.92 2.15 6.54 6.41 5.16 4.38 7.32 4.11 7.49 6.29 5.27 7.94 4.05 4.61 6.53 7.15 5.97 1.61 4.12 6.17 8.83 6.6 5.65 7.98 7.45
"18" 4.18 3.54 5.52 6.12 6.13 4.41 4.43 3.43 4.12 1.1 4.41 3.92 5.98 2.09 4.88 6.52 6.8 10.61 2.54 6.65 8.05 7.12 4.76 4.5 6.86 4.78 5.66 3.59 5.59 6.55 4.76 7.46 7.37 1.31 5.4 3.03 4.95 4.56 7.51 5.46 7.5 3.03 6 4.23 5.37 5.22 4.93 6.95 3.48 5.93 6.22 3.22 5.76 5.05 4.87 7.21 3.94 4.65 4.57 6.53 4.39 3.73 1.45 6.72 4.45 3.58 3.88 3.94 4.18 7.13 4.7 5.64 6.66 6.31 5.5 7.73 5.58 5.15 8.68 4.29 5 4.23
"19" 5.93 8.17 4.92 7.42 5.67 3.53 2.81 6.46 10.34 6.61 9.99 6.93 3.14 6.5 6.82 2.23 4.37 8.22 6.72 7.76 7.65 4.99 7.72 8.74 4.84 4.57 4.31 7.97 9.92 2.39 6.07 5.28 4.59 2.84 5.14 3.38 2.4 8.74 5.75 3.54 3.78 0.69 0.18 9.64 6.32 2.9 7.91 3.22 7.99 6.27 5.35 6.74 2.68 2.75 4.3 4.62 6.42 2.91 5.73 2.87 5.5 4.32 6.69 4.06 4.04 6.41 6.01 10.79 11.32 4.02 4.95 5.12 0.94 2.93 4.85 1.33 5.76 5.69 7.35 5.74 6.6 5.95
"20" 1.91 6.63 4.3 6.58 10.73 8.71 9.05 3.56 7.35 4.8 7.01 2.5 8.37 6.28 5.76 6.88 5.8 7.8 5.84 8.28 4.07 3.23 1.41 5.07 0.74 7.31 6.36 11.12 5.33 3.7 4.89 2.98 5.04 7.34 4.28 5.26 4.89 2.98 5.71 4.84 8.28 6.27 6.28 5.25 0.17 0.02 4.09 5.76 4.78 3.9 3.85 0.61 6.01 4.98 4.08 8.18 4.17 3.96 6.42 2.17 3.98 3.48 6.36 7.21 4.92 8.25 4.61 5.34 4.61 4.92 4.48 4.57 5.34 5.58 3 4.06 6.95 7.23 7.17 5.13 6.41 4.52
"21" 7.45 5.87 6.56 5.41 3.55 5.1 3.42 1.41 5.58 6.72 4.14 3.73 6.07 2.91 4.93 1.97 5.88 7.34 6.95 3.82 5.09 2.37 7.11 6.17 5.31 2.75 5.3 6.03 3.3 2.97 6.81 2.22 7.81 3.32 6.65 6.97 2.57 6.88 9.16 3.51 8.1 8.32 5.79 4.85 3.17 -0.3 1.74 5.81 6.86 4.62 4.37 4.13 7.96 5.54 3.41 3.24 1.44 3.4 2.42 8 3.44 4.19 2.77 5.6 8.19 5.92 9.24 8.01 5.74 3.05 5.14 5.93 6.33 2.6 4.87 7.46 6.23 1.94 2.81 5.03 5.11 2.59
"22" 5.75 2.59 6.94 2.05 7.04 6.83 4.89 5.91 4.55 2.62 8.2 6.21 2.37 7 2.28 2.01 4.41 4.53 1.64 4.77 5.22 2.53 1.62 6.89 6.13 2.93 5.57 7.06 6.6 4.48 7.16 7.32 8.04 3.61 5.14 6.72 4.05 7.69 7.32 6.13 5.64 4.32 3.79 3.45 1.32 3.58 2.8 6.03 9.63 9.16 6.39 2.2 4.52 9.27 7.78 9.2 5.04 6.58 4.34 7.21 5.04 5.46 7.94 5.1 5.15 7.41 0.85 4.3 6.89 5.04 7.56 8.18 6 6.5 3.4 3.39 6.54 5.64 7.69 5.22 4.8 3.94
"23" 7.63 3.95 2.59 3.06 5.83 4.09 7.6 8.22 5.36 4.2 7.84 6.14 4.83 3.89 6.64 3.7 6.92 1.43 4.98 4.75 4.93 6.21 5.59 3.86 3.1 4.24 9.62 7.71 4.09 5.48 3.46 -0.32 2.79 2.97 4.9 4.65 6.07 7.19 3.12 7.06 4.13 7.11 2.02 5.15 2.4 5.83 6.03 6.45 3.34 5.12 5.98 6.09 5.4 4.12 5.93 4.82 4.35 3.43 4.31 5.91 6.14 4.19 5.55 8.01 8.22 4.09 7.89 8.11 4.61 1.83 7.53 9.02 5.32 5.07 6.73 9.46 7.16 4.86 4.59 7.21 6.11 3.25
"24" 7.7 5.7 7.82 6.14 7.67 3.2 7.4 7.08 6.55 4.73 3.81 5.68 4.52 4.95 8.82 6.2 2.85 4.83 3.01 4.98 6.28 5.57 1.17 1.36 4.1 4.69 2.71 5.71 5.69 5.48 8.8 5.59 3.68 5.22 0.85 4.2 3.61 4.16 6.5 4.77 6.66 6.71 6.61 6.14 5.64 5.16 9.04 4.9 6.33 4.38 2.17 5.46 6.35 8.18 3.93 4.58 1.18 7.84 3.08 4.52 4.38 3.57 5.73 2.74 6.02 7.45 0.92 5.54 2.39 1.74 2.06 2.43 4.67 7.62 3.79 3.91 4.36 4.88 5.82 6.58 5.44 8.56
"25" 2.52 4.47 4.45 2.24 5.18 4.03 4.98 4.12 6.01 7.79 4.23 5.4 5.19 5.69 5.56 7.45 5.53 1.72 5.78 5.36 6.23 6.56 8.3 3.64 3.06 5.22 2.4 3.02 6.23 4.71 5.21 4.77 4.59 2.96 5.5 10.58 6.19 1.75 4.95 7.8 7.64 4.91 5.07 5.75 3.68 9.56 6.74 4.04 2.47 3.26 8.23 5.42 3.24 6.36 5.38 3.3 3.15 4.19 5.92 6.98 5.98 4.75 5.9 6.59 5.27 5.47 5.55 6.53 4.21 2.62 4.45 7.03 5.53 3.22 5.58 2.21 5.44 2.07 1.83 1.1 7.48 2.28
"26" 4.07 5.68 7.06 5.96 6.86 4.18 6.84 5.3 4.86 7 1.81 7.04 8.55 4.56 2.04 1.11 4.16 4.36 2.12 6.37 3.79 2.68 4.24 4.98 6.5 3.27 7.09 4.13 5.33 4.62 5.22 3.4 4.38 8.91 5 6.31 4.32 4.3 4.7 7.87 5.44 5.22 9.78 2.3 4.02 3.68 0.63 5.15 7.43 7.78 3.06 4.41 7.14 2.66 7.51 7.01 2.87 7.07 2.48 5.11 3.74 4.35 3.11 1.94 2.73 4.77 8.17 6.87 9.05 5.85 2.09 4.29 4.87 8.45 6.06 3.59 -1.79 4.06 5.82 4.13 6.66 5.82
"27" 4.95 2.51 8.61 5.25 3.74 2.75 3.7 7.26 1.05 2.03 12.71 5.92 2.28 5.34 4.58 3.39 3.25 3.96 2.91 5.05 6.33 4.55 3.87 1.62 1.95 9.03 4.62 6.53 8.12 4.44 4.42 6.36 4.18 5.91 -0.13 6.48 8.25 5.86 4.47 2.39 6.79 3.02 5 2.42 2.64 4.84 4.58 2.71 5.02 8.29 2.26 2.33 6.06 3.74 3.02 2.2 4.03 2.68 5.03 5.1 8.16 3.21 6.46 2.94 4.34 7.75 7.4 1.58 4.89 6.02 6.06 3.18 2.6 5.77 7.54 7.99 10.49 5.71 3.62 3.48 3.89 1.33
"28" 8.22 7.44 6.6 1.69 5.7 4.73 2.16 4.28 5.19 7.01 2.76 4.17 5.15 0.74 7.82 8.45 8.38 2.38 5.94 7.15 6.27 2.67 3.05 8.31 2.57 5.14 6.91 4.79 4.36 4.27 5.39 5.49 4.32 3.77 6.78 4.13 2.45 4.87 3.93 3.78 4.45 4.52 4.97 5.16 4.31 4.32 5.55 2.46 6.27 6.95 1.48 8.17 5.47 4.52 3.58 4.92 8.57 2.1 8.35 -0.28 3.44 1.21 9.55 6.85 6.59 6.25 7.47 3.42 7.06 2.22 4.04 8.53 4.96 6.87 3.44 7.82 7.19 11.18 3.14 1.73 5.75 4.23
"29" 4.03 5.52 4.14 4.4 5.04 7.1 2.56 8.04 1.97 0.65 2.97 5.77 3.05 0.87 6.17 8.69 5.22 5.64 6.05 4.63 3.65 3.88 4.55 7.47 4.93 6.47 10.53 2.98 5.95 6.47 5.75 5.38 7.23 9.06 5.13 6.16 4.74 4.9 4.28 6.1 6.29 2.64 11.45 3.18 3.03 7.08 2.72 5.18 2.1 6.71 5.87 7.7 7.36 4.59 6.3 4.83 5.39 1.98 1.76 6.6 3.64 6 3.24 7.22 6.5 1.47 1.21 3.04 5.91 4.12 3.79 5.13 5.77 8.69 4.11 4.87 2.51 2.95 4.28 2.18 6.78 4.53
"30" 3.49 6.53 3.95 1.29 4.26 5.27 4.57 6.65 5.83 -0.12 3.36 2.79 7.11 6.3 5.52 3.8 4.7 5.88 8.53 5.64 4.82 5.06 7.51 1.68 5.42 2.85 2.39 3.15 9.04 6.43 5 3.82 4.89 2.94 5.64 2.26 4.81 6.35 0.5 6.46 5.99 4.39 4.83 3.23 4.72 5.59 2.66 6.53 6.89 4.46 6.8 8.2 7.22 4.65 8.01 3.42 4.16 7.1 4.69 7.92 4.74 5.26 5.7 5.37 5.72 5.15 4.18 3.84 3.75 5.69 7.41 4.22 4.47 4.84 7.73 4.17 5.9 4.91 5.76 6.62 2.69 6.22
"31" 7.01 5.82 3.93 5.2 8.39 5.44 3.88 4.74 6.31 7.38 8.06 7.27 -0.11 4.92 6.97 7.51 2.16 4.78 4.35 5.05 4.63 3.08 5.16 3.44 7.57 3.23 5.64 -1.17 4.82 5.73 5.35 5.15 4.15 2.27 2.78 9.27 2.8 5.71 7.77 8.97 5 3.11 4.1 1.98 6 6.89 8.02 5.26 5.38 4.36 5.5 4.34 5.68 4.62 6.84 4.26 6.7 4.44 5.12 5.34 5.49 2.84 7.78 4.92 6.34 4.07 5.81 1.87 2.63 3.11 5.88 4.94 4.95 4.45 4.78 6.27 1.73 4.05 7.28 4.58 0.25 4.02
"32" 6.76 5.19 5.25 3.45 4.47 5.52 6.41 7.7 7.43 1.33 5.74 4.55 6.48 2.86 5.38 3.97 3.31 5.33 4.66 3.35 5.29 1.56 1.8 6.77 2.9 7.06 7.44 7.77 2.91 3.33 5.6 6.22 4.94 5 6.04 5.86 6.82 1.81 6.74 3.6 4.85 3.58 8.48 4.65 4.73 3.8 5.76 2.34 7.5 9.79 5.11 6.11 8.09 5.86 5.71 5.98 2.91 2.93 2.58 5.87 6.15 9.61 5.22 1.26 5.59 7.26 4.93 6.63 6.49 4.36 0.54 5.24 8.79 8.7 5.39 6.43 4.77 4.82 6.6 4.13 6.52 2.89
"33" 4.32 5.41 3.07 3.85 3.09 6.51 3.94 5.25 5.62 5.51 5.08 5.1 6.05 5.39 2.55 7.33 4.26 3.22 6.11 4.74 3.42 4.44 11.08 7.05 4.33 3.62 7.65 5.36 3.92 4.82 4 4.04 6.54 1.58 8.39 9.03 9.25 6.26 2.71 6.35 1.05 4.4 5.71 9.54 6.3 4.16 5.26 4.95 4.09 6.56 3.06 3.54 3.77 7.41 3.65 3.86 6.03 5 7.09 7.31 6.6 5.53 2.61 4.3 3.27 7.52 4.43 2 7.22 5.66 6.11 4.11 4.63 4.47 2.39 3.82 5.91 2.78 2.98 4.48 4.71 8.54
"34" 6.96 4 6.73 6.19 4.07 6.13 6.77 6 5.3 6.93 7.03 6.4 4.23 3.79 6.24 7.09 4.28 0.42 5.16 5.4 6.15 7.87 3.73 6.15 3.02 4.33 4.76 3.28 3.77 2.97 3.5 6.02 9.73 3.96 4.54 1.29 5.75 8.25 2.86 8.46 4.43 2.22 2.96 4.7 2.5 6.25 7.97 4.36 7.72 3.72 4.75 2.44 5.96 6.56 5.28 4.02 3.01 3.35 6.19 3.61 4.53 2.95 3.53 3.78 8.2 5.03 6.38 6.95 4.93 7.7 7.46 3.25 6.38 6.31 5.22 3.55 3.86 1.9 3.87 2.98 4.18 5.17
"35" 6.39 2.26 2.22 2.5 4.44 9.76 4.12 3.65 8.05 3.87 3.67 7.65 5.84 4.1 6.15 4.14 4.46 6.27 6.03 1.71 7.35 1.58 4.08 6.5 3.12 3.7 2.88 4.21 4.8 5.56 0.52 5.02 3.62 5.28 4.42 0.25 3.74 5.54 5.17 5.64 3.32 3.74 5.07 5.51 6.52 4.9 4.37 4.87 6.8 5.86 2.61 3.12 4.53 0.14 4.08 4.11 4.71 4.42 5.58 10.52 9.81 2.23 3.52 3.66 5.13 3.55 3.05 7.67 9.8 5.56 3.85 4.65 4.66 1.59 8.24 5.84 7.9 6.8 4.62 5.37 5.46 5.24
"36" 3.58 8.04 3.4 8.35 5.77 5.23 3.53 -0.13 7.71 4 1.97 6.2 3.51 5.18 6.01 6.52 5.34 4.82 2.92 4.69 4.43 6.68 6.79 4.53 4.73 4.23 2.64 3.25 5.46 3.35 2.96 6.61 4.82 4.74 4.78 8.45 9.89 4.69 5.63 3.86 4.34 5.05 8.01 4.32 5.12 6.43 5.9 -1.57 0.34 6.27 6.32 7.08 7.85 3.05 5.84 6.63 2.18 7.42 6.24 3.98 2.17 5.08 4.71 7.08 5.94 3.75 2.01 4.94 5.39 2.53 3.31 4.51 9.46 3.41 5.77 2.07 1.93 6.58 7.34 5.09 6.1 5.31
"37" 9.39 5.69 4.99 2.57 4.98 5.98 1.57 6.28 4.06 6.15 3.14 -0.32 2.83 3.95 0.41 7.49 5.3 3 6.06 5.98 4.09 5.58 2.42 6.24 7.04 4.75 1.6 4.24 4.37 5.17 3.66 6.42 7.26 4.95 1.65 4.54 7.37 3.04 5.52 6.9 4.97 9.93 3.3 5.62 4.42 5.03 6.51 -0.76 6.17 4.52 5.85 5.45 4.72 7.13 9.04 2.72 4.04 5.56 1.83 9.23 7.3 6.92 7.6 6.78 3 6.72 5.49 4.65 7.71 6.3 1.97 3.9 10.52 2.92 4.45 4.2 4.64 6.19 9.53 3.3 7.43 3.39
"38" 7.26 2.48 4.57 6.24 5.04 3.56 4.05 5.79 6.53 6.56 4.68 4.83 4.19 7.6 4.04 5.69 3.69 5.71 4.82 3.38 6.24 5.19 8.15 5.33 0.29 5.48 3.74 6.81 6.35 7.22 2.49 3.51 4.68 6.65 2.92 7.31 5.77 4.91 5.05 5.35 6.88 9.22 9.59 7.49 6.63 6.18 5.03 5.99 3.98 4.63 2.13 8.31 3.8 5.46 3.65 4.2 3 5.15 6.55 6.8 6.58 3.18 5.41 8.51 5.01 1.57 5.98 5.73 3.58 1.78 6.73 7.75 5.72 0.93 7.16 6.12 3.37 6.57 3.12 2.77 3.39 4.77
"39" 5.97 4.6 3.7 4.54 6.95 5.87 2.92 4.91 7.55 5.23 8.6 2.32 7.23 5.86 4.91 6.54 1.57 4.7 2.61 2.82 2.43 5.29 2.96 6.18 6.92 3.74 3.97 6.59 4.86 6.83 5.71 5.41 6.69 5.83 2.6 2.99 5.32 2.28 6.63 5.32 4.18 2.95 3.35 3.86 3.08 2.45 7.91 4.43 3.19 6.24 3.39 5.04 5.03 7.81 2.83 3.25 8.75 2.86 5.09 6.08 7.54 4.77 6.71 4 3.76 5.74 3.52 2.04 4.31 7.6 8.88 2.94 6.02 4.35 0.98 4.65 7.04 6.51 7.46 5.59 5.42 9.61
"40" 3.06 4.66 5.09 1.09 0.48 5.9 6.33 2.06 6.16 4.25 7.12 3.03 5.12 5.78 8.49 5.54 5.67 3.11 4.61 5.02 4.52 5.16 4.41 3.17 3.65 6.54 5.89 1.95 0.83 5.24 6.49 3.6 5.22 2.49 6.01 7.13 5.38 7.45 6.1 4.36 6.2 2.79 7.32 4.7 6.55 6.56 6.81 5.05 6.36 7.99 5.23 7.04 6.67 7.61 5.12 5.56 3.79 5.23 7.75 4.17 4.5 6.15 5.97 5.55 3.86 2.17 5.99 6.55 6.92 7.35 3.76 8.89 7.67 7.48 5.9 8.26 5.63 4.52 3.66 6.12 6.35 6.77
"41" 6.19 8.5 6.03 4.39 3.55 5.03 7.33 4.46 5.2 3.48 3.5 4.39 1.43 3.99 2.84 4.49 7.78 8.29 3.69 6.99 4.64 4.63 3.43 3.94 2.57 3.48 3.04 7.69 7.09 10.33 4.3 5.65 4.99 4.63 4.33 3.19 3.05 6.48 1.55 8.66 2.82 3.88 3.69 5.64 5.37 3.41 4.97 6.53 3.91 6.57 7.24 6.89 7.66 4.05 4.14 6.95 3.89 2.66 4.51 5.91 3.68 7.8 1.62 8.56 7.58 3.47 2.61 5.98 0.2 7.35 6.72 6.77 8.97 7.26 4.79 3.69 3.86 6.27 5.34 3.81 5.07 4.75
"42" 3.76 2.76 6.23 3.78 4.15 7.02 3.37 7.12 7.1 1.27 7.69 6.59 5.26 6.25 5.09 5.72 5.88 4.25 4.27 3.33 6.34 5.91 7.39 3.89 3.2 6.05 0.99 8.36 6.43 6.68 4.21 3.79 6.42 7.39 1.73 3.35 3.93 1.43 5.63 3.8 2.62 2.87 6.22 7.84 6.78 3.97 6.75 8.57 7.15 3.44 2.49 7.06 6.19 5.49 6.84 5.69 2.73 2.66 6.92 4.51 4.98 1.66 4.15 6.55 5.08 2.94 4.01 5.28 4.2 2.84 7.34 4.06 4.09 3.62 7.49 5.22 6.23 3.64 5.43 -0.81 2.25 1.77
"43" 8.57 1.6 4.23 4.3 4.38 5.24 4.48 4.62 6.16 3.65 3.31 4.9 3.49 0.32 4.39 1.23 4.66 6.93 3.09 4.64 5.43 2.34 5.93 5.06 6.46 3.26 2.61 5.13 1.27 8.35 3.01 7.32 2.76 4.45 6.15 5.89 7.82 5.62 3.5 5.99 3.98 6.9 3.76 4.14 3.86 3.93 4.86 6.24 4.93 3.72 3.79 3.23 2.57 5.21 3.45 6.99 3.84 4.9 5.1 5.85 4.39 3.1 7.95 6.54 2.2 5.74 6.03 6.88 4.39 3.95 2.82 2.48 3.37 2.84 8.87 7.75 5.01 3.61 4.71 2.31 5.88 0.69
"44" 4.8 6.41 3.34 7.81 6.16 3.87 6.92 4.47 6.18 7.43 7.44 2.55 6.28 4.36 5.95 5.99 2.6 2.31 6.14 7 3.44 4.02 3.91 2.62 4.97 4.76 6.54 3.3 6.77 6.12 6.19 3.42 7.75 4.57 8.3 4.85 4.46 2.34 6.75 4.67 7.4 6.02 4.23 7.27 5.02 7.4 5.84 3.33 0.18 4.75 6.35 -0.38 2.79 3.81 1.81 8.17 4.17 5.23 3.39 7.37 4.57 5.89 4.61 5.66 6.08 2.61 8.42 6.23 7.44 4.21 6.78 4.51 3.82 7.08 4.36 3.48 7.22 3.45 9.83 7.9 5.5 2.67
"45" 2.58 4.25 6.25 5.45 3.88 2.59 3.81 4.6 4.06 7.01 7.57 7.94 5.81 6.47 2.28 6.47 3.87 3.96 4.99 5.69 2.45 2.54 3.92 6.15 7.41 3.75 2.15 4.58 6.52 3.59 6.85 5.93 5.5 4.46 7.95 7.83 4.6 6.57 2.19 4.15 7.54 3.9 8.28 10.61 3.76 3.66 4.2 6 4.73 4.77 5.08 3.71 8.16 4.52 6.42 5.37 2.43 2.31 4.8 5.29 7.68 2.19 4.66 5.38 3.05 4.03 9.91 6.07 3.51 4.42 4.34 9.24 7.99 4.85 7.08 0.97 2.98 1.74 3.43 2.94 4.78 10.8
"46" 4.04 5.99 3.6 3.74 5.69 5.04 3.33 5.42 3.77 5.19 7.2 6.07 3.3 4.77 3.32 6.28 5.36 5.98 3.19 5.27 8.43 1.49 5.03 4.74 5.21 4.32 4.73 3.83 3.18 2.32 4.3 4.92 6.84 4.22 3 5.53 3.96 -1.75 0.72 3.12 3.82 7.91 5.52 5.1 8.76 6.34 8.01 6.89 5.42 4.57 4.8 5.26 4.09 7.6 7.57 3.54 5.25 5.83 4.99 2.38 3.89 5.63 -0.39 5.92 7.86 3.01 2.92 2.81 1.54 5.56 4.04 5.81 2.26 2.51 5.37 2.66 5.2 3.98 2.32 5.56 6.21 5.87
"47" 2.05 3.14 3.87 3.56 8.06 2.46 3.37 3.46 -0.1 3.97 8.79 5.08 5.31 8.24 4.65 5.83 2.79 3.72 4.7 6.32 3.41 6.57 2.85 4.57 3.54 3.56 4.05 4.94 3.72 1.27 4.85 2.59 3.36 4.57 4.76 4.96 6.59 5.22 7.39 5.01 5.22 6.31 6.96 5.43 5.17 4.96 6.27 6.01 4.45 8.2 8.78 4.53 3.85 4 4.77 5.7 2.52 2.87 8.3 3.37 4.55 2.31 2.28 5.19 3.57 9.65 1.69 8.21 1.63 7.14 7 5.69 6.22 6.77 4.69 5.27 5.87 4.73 4.96 4.63 3.77 1.46
"48" 4.54 3.14 2.71 3.96 5 1.48 7.89 0.85 4.08 8.17 1.63 5.15 3.92 6.83 4.72 4.42 6.56 2.73 2.61 5.47 4.52 7.03 6.7 5.87 7.61 5.35 1.8 6.56 4.6 2.88 9.02 4.75 8.03 4.59 4.76 5.65 5.4 10.17 7.43 2.96 4.59 4.45 4.32 6.3 3.2 3.01 5.5 2.79 7.17 5.33 5.58 6.55 6.92 8.05 7.13 7.58 5.42 6.78 4.56 2.5 8.22 2.66 1.46 4.92 5.79 3.47 2.31 7.09 3.73 5.43 7.51 2.83 5.67 7.67 5.95 5.87 6.77 5.51 6.92 2.76 2.25 7.82
"49" 4.88 5.9 4.89 7.28 1.55 1.55 5.21 2.35 4.13 3.52 7.75 6.69 5.81 2.87 3.21 5.48 2.39 7.67 7.3 6.85 5.9 5.31 5.58 7.88 5.19 5.41 4.39 4.67 8.67 7.73 2.86 3.75 5.02 1.33 5.41 7.91 3.89 5.13 7.12 3.92 5.94 6.49 7.35 2.32 0.41 3.55 3.13 6.33 6.58 3.65 1.37 5.37 4.56 4.72 9.24 3.35 6.76 2.27 5.55 6.38 5.67 2.81 7.3 5.49 5.18 5.63 1.96 7.76 5.18 2.57 5.13 1.22 2.98 4.33 5.45 7.27 4.55 5.64 4.34 2.64 2.37 4.05
"50" 10.13 0.29 9.2 4.32 5.84 3.21 3.89 4.77 5.31 9.59 7.7 5.34 6.93 10.05 1.97 5.77 7.06 6.04 2.46 0.89 6.36 7.99 5.11 5.95 4.13 3.18 5.77 6.62 6.15 3.05 4.91 6.58 2.18 0.71 5.15 4.99 0.56 3.52 8.08 6.13 6.65 4.56 5.51 5.7 6.34 3.23 1.47 5.05 5.18 4.99 0.82 5.14 4.92 5.74 5.94 1.49 5.33 5.61 1.44 3.59 6.69 4.26 7.03 7.12 8.59 6.08 3.44 4.58 3.58 3.23 5.05 7.32 5.03 3.07 7.13 1.61 -0.65 8.43 -0.44 1.65 2.95 3.03
"51" 4.63 1.91 5.1 7.03 4.85 6.63 3.82 4.18 6.7 5.71 6.02 1.54 3.04 3.51 4.32 6.98 5.93 1.5 7.58 4.91 7.02 4.48 5.49 7.08 3.09 3.4 5.77 2.24 4.91 5.82 4.38 9 9.08 8.32 5.34 6.45 6.25 4.04 3.24 3.65 5.85 5.76 4.72 3.58 1.61 5.11 3.52 7.14 2.42 3.46 4.37 7.77 3.9 4.27 6.66 4.12 3.54 5.41 2.91 5.62 5.57 4.67 8.14 4.55 5.22 3.8 6.37 1.3 7.69 6.62 2.78 3.9 6.86 7.41 4.31 5 4.74 2.13 5.43 4.53 7.7 7.63
"52" 8.41 5.74 3.75 7 5.69 1.63 6.56 4.58 2.74 6.08 4.98 5.41 7.36 5.39 2.3 4.38 5.1 4.68 8.1 6.44 4.03 6.07 6.06 7.77 5.41 3.18 3.13 1.49 6.58 4.91 1.52 5.73 3.87 3.71 5.11 2.92 -0.49 6.77 2.76 3.53 6.08 6.75 3.34 5.71 4.75 9.65 7.06 6.89 5.76 3.58 5.67 3.21 4.67 5.31 5.65 2.9 6.39 0.8 2.7 2.97 3.87 5.08 6.22 3.85 4.9 2.85 4.16 5.03 5.18 4.21 4.19 4.56 4.16 4.97 5.12 2.17 5.51 3.93 6.83 5.23 6.5 1.2
"53" 2.02 7.07 6.07 4.45 5.9 6.35 2.32 3.09 7.22 2.28 2.37 4.46 4.66 5.22 8.98 5.68 5.16 5.84 6.52 6.28 6.09 6.58 5.05 7.06 3.89 4.19 8.79 5.51 6.57 7.83 4.32 5.89 5.59 3.07 5.01 5.72 6.15 6.06 4.78 8.14 7.45 10.6 2.53 5.16 6.04 6.91 6.26 4.16 7.68 5.96 1.92 6.39 3.53 6.07 5.96 4.13 0.95 5.97 -0.12 6.66 4.9 4.54 3.73 6.11 2.96 6.14 5.42 4.92 4.6 3.83 5.18 3.07 9.29 4.34 6.83 4.68 6.98 6.55 3.35 5.83 5.01 2.93
"54" 4.25 3.6 4.49 7.52 6.1 4.23 7.01 8.34 4.68 8 5.49 4.11 5.61 6.06 4.44 5.12 9.13 6.52 5.15 5.25 4.43 4.4 4.81 7.37 7.06 3.12 2.62 3.94 7.44 3.39 1.99 5.28 6.14 5.58 7.3 5.96 5.98 7.48 5.19 2.66 7.3 3.71 2.71 7.35 6.62 5.72 3.91 4.3 6.49 6.93 5.39 2.79 2.2 5.8 3.56 7.39 3.84 6.46 7.91 5.98 5.27 -2.88 8.29 2.79 4.3 7.37 6.63 5.83 5.55 8.32 4.01 4.42 7.11 4.33 4.05 7.88 5.78 3.99 2.67 5.22 3.94 0.69
"55" 3.97 3.42 2.84 4.36 1.28 4.89 7.86 3.98 5.59 4.42 5.75 2.92 5.27 6.1 6.12 4.31 6.58 4.34 5.27 5.03 0.51 4.95 5.95 5.34 7.04 3.07 4.1 5.36 4.35 6.78 4.07 5.63 2.13 6.1 5.74 0.45 4.7 2.57 4.79 6.12 4.68 3.23 3.57 4.38 7.27 7.04 1.5 4.18 3.71 3.72 4.35 2.81 5.16 5.53 1.41 7.5 4.71 8.67 4.29 6.06 1.16 3.69 1.95 7.14 1.88 6 3.39 3.62 3.79 8.18 6.34 0.78 2.25 7.7 1.71 2.3 7.51 8.04 5.72 5.14 5.09 2.44
"56" 5.63 3.8 5.65 4.83 4.39 6.79 6.72 6.08 2.31 4.58 7.24 7.58 6.72 3.26 5.05 5.31 3.92 6.08 4.96 6.2 5.5 2.87 5.17 6.73 4.69 3.57 4.9 3.09 7.42 5.16 3.59 4.52 5.53 10.09 3.92 5.89 6.76 5.49 6.69 3.66 3.12 9.62 2.55 7.15 5.69 6.79 8.02 8.07 7.5 3.14 4.39 3.8 5.35 5.57 8.94 4.72 4.82 3.69 6.41 7.51 3.81 1.49 1.9 4.39 3.78 7.22 7.69 4.24 5.05 6.88 6.15 8.61 2.32 1.46 3.56 3.57 6.33 5.77 7.07 1.96 5.37 10.6
"57" 5.3 8.14 3.94 5.79 2.34 2.84 8.49 3.6 1.94 5.05 4.41 6.98 3.08 4.18 4.98 5.57 6.81 1.34 4.14 3.96 5.07 3.19 3.58 4.7 7.72 6.25 -0.17 2.51 5.04 7.36 7.81 6.36 6.68 4.31 5.56 7.53 5.48 6.65 8.82 2.85 7.15 5.72 8.14 7.01 8.97 4.71 5.31 3.41 8.44 7.33 2.29 6.01 7.19 5.78 5.91 7.25 7.22 3.87 3.35 6.08 5.41 5.33 3.24 5.13 4.43 6.43 5.11 4.52 4.17 3.16 3.78 5.03 5.52 2.77 4.05 0.64 3.82 7.38 6.18 2.3 3.87 4.09
"58" 4.81 4 2.43 4.9 4.69 5.64 7.51 7.37 0.93 5.49 3.63 5.87 9.61 9.67 3.29 7.78 6.52 2.55 5.03 6.11 6.36 2.48 5.47 5.64 3.87 6.46 0.84 6.26 4.53 5.24 1.89 7.76 7.06 7.18 3.55 8.06 2.98 2.71 8.58 3.64 3.03 8.01 2.16 4.48 5.53 2.17 6.66 6 4.69 9.86 5.86 6.17 3.52 4.98 7.12 5.73 6.15 1.67 4.41 3.85 5 2.3 7.55 4.09 6.49 6.44 5.4 7.43 6.53 4.62 4.29 1.48 4.57 4.69 3.47 4.82 4.26 5.19 5.57 5.11 7.19 4.49
"59" 5.02 7.73 3.48 3.18 2.31 5.26 4.65 5.58 7.24 8.56 6.93 1.89 4.42 5.17 4.89 7.86 6.51 6.63 4.76 3.42 7.02 8.02 4.63 8.77 6.64 3.8 1.93 9.09 8.01 4.3 3.91 3.32 8.73 3.46 8.39 3.39 5.08 4.38 8.49 4.95 4.37 5.99 9.63 7.59 5.98 6.56 4.93 7.34 6.27 3.93 2.57 3.52 5.92 8.96 6.06 4.98 6.78 3.48 6.87 6.06 2.96 8.04 6.22 3.92 5.05 5.49 5.97 4.4 8.34 5.25 6.06 2.23 8.91 3.74 5.5 4.05 5.44 9.99 5.75 2.85 5.15 7.96
"60" 5.54 2.48 7.53 6.94 2.01 6.91 3.32 6 4.72 4.38 4.23 7.08 6.27 1.35 7.53 4.96 6.55 7.66 9.43 6.98 5.37 4.3 1.58 5.53 4.78 1.87 1.25 2.9 6.43 7.79 5.81 7.85 6.46 3.45 4.46 9.06 5.23 6.67 6.08 2.35 6.2 0.27 0.95 5.49 4.31 3.07 2.82 4.11 2.85 2.36 5.27 4.02 3.39 6.47 6.13 1.12 2.59 7.38 4.37 1.62 3.39 4.53 3.89 0.8 2.99 4.83 4.75 5.2 5.97 8.11 4.98 4.47 3.54 3.62 4.44 4.98 2.03 4.58 6.24 3.34 4.27 6.7
"61" 5.27 3.73 0.78 1.23 5.56 4.96 5.49 6.69 7.72 4.05 2.97 6.88 4.93 1.83 3.88 6.06 3.12 4.56 6.62 10.78 6.08 7.57 -0.88 1.8 4.96 4.48 6.61 3.11 2.78 7 7.71 7.77 5.61 4.88 4.11 6.6 3.49 4.57 5.6 3.56 6.88 6.11 5.98 1.04 5.32 4.97 1.66 5.19 7.67 4.77 6.6 7.26 5.06 4.9 3.6 8.94 3.24 3.02 6.98 4.74 7.98 7.24 10.37 2.75 4.77 5.07 3.17 4.43 7.22 7.43 5.76 0.62 1.19 -0.07 2.51 6.3 4.07 5.97 4.97 5.54 3.15 3.89
"62" 4.08 3.85 5.16 4.98 3.51 6.06 3.03 4.42 4.65 3.66 1.78 5.52 6.31 4.93 5.7 1.51 6.43 5.26 1.95 2.56 4.26 3.78 5.11 9.33 6.32 3.77 7.31 2.6 3.41 7.63 3.82 5.05 7.27 7.83 5.42 8.69 1.1 7.45 5.37 5.55 4.89 5.18 4.36 6.57 5.21 7.8 2.95 8.24 2.84 5.6 3.04 5.35 9.34 4.98 2.83 3.63 2.37 2.64 6.28 3.61 2.66 4.31 4.73 4.78 3.48 5.26 5.23 4.5 5.31 2.31 2.44 4.26 7.65 5.67 3.82 0.82 6.64 4.77 5.09 9.05 4.06 6.67
"63" 4.93 5.79 4.72 4.45 4.89 2.83 3.78 5.7 8.53 4.57 6.98 8.81 8.34 2.45 4.99 3 6.86 4.76 7.83 7.96 0.47 6.36 5.72 6.73 2.95 6.92 4.2 5.85 5.29 3.27 4.62 4.15 1.61 7.19 3.26 4.29 2.24 6.04 3.71 6.08 9.99 3.79 7.2 4.36 6.26 5.82 6.8 5.21 4.23 4.44 6.69 5.17 9.12 5.02 6.35 0.2 2.77 6.2 2.23 1.64 4.74 9.14 4.98 6.22 3.38 2.61 3.75 3.83 3.36 3.97 7.08 3.46 3.56 6.27 3.73 4.56 5.22 6.53 5.45 5.7 4.45 2.09
"64" 4.61 4.48 6.18 4.9 8.32 4.2 3.79 4.92 3.28 2.04 6.57 1.63 4.63 7.79 2.71 5.11 5.79 0.81 4.43 3.65 4.72 4.92 3.98 4.52 5.51 3.91 6.41 6.2 3.53 5.57 4.27 3.88 5.6 3.76 3.62 3.09 5.57 3.52 5.84 9.24 3.67 4.56 8.15 6.14 7.92 8.37 3.12 3.02 6.84 5 2.36 3.5 3.81 3.58 4.88 2.81 7.28 3.22 2.74 1.42 6.2 3.26 4.39 5.08 1.44 5.14 8.22 4.85 5.93 5.42 4 2.65 4.99 5.13 3.92 6.97 3.57 2.67 3.9 4.57 3.24 3.92
"65" 6.51 5.35 6.11 3.77 1.63 6.8 2.5 1.87 6.91 6.27 6.06 3.21 7.21 6.02 5.77 5.22 7.14 4.63 6.42 1.13 1.73 5.34 5.69 4.83 8.68 6.54 1.75 4.53 2.32 6.72 2 4.52 3.81 5.18 1.87 5.93 4.25 7.57 5.11 8.25 9.06 4.94 6.46 3.81 3.03 1.95 6.23 2.08 1.12 7.36 7.5 6.12 5.79 3.63 7.41 6.93 2.79 2.63 8.34 3.37 9.97 4.48 4.28 4 1.98 6.27 4.97 3.92 4.89 7.21 5.92 3.43 5.71 6.56 3.54 6.36 6.71 5.13 5.45 7.99 5.56 2.88
"66" 5 2.07 4.2 6.04 3.89 4.6 4.19 6.17 2.7 4.73 4.16 6.9 7.27 7.2 5.73 6.36 1.13 5.13 4.87 5.4 0.24 4.26 6.25 2.39 2.39 8.07 3.06 8.37 5.47 3.75 7.69 2.91 2.56 5.24 5.28 5.62 3.09 5.2 6.05 5.87 4.02 2.53 6.98 4.17 5.33 4.71 5.48 1.23 3.17 4.53 5.69 6.71 3.99 8.69 4.15 7.42 4.23 2.66 6.92 5.89 7.38 1.28 4.72 3.26 8.42 4.62 2.74 4.15 6.32 5.05 2.42 5 7.42 5.96 2.89 5.64 8.09 3.17 3.92 7.41 5.08 6.35
"67" 5.16 3.67 4.48 2.76 8.5 5.4 5.86 7.78 5.67 6.92 3.86 4.81 3.1 2.76 3.73 8.82 3.06 4.89 0.01 0.66 6.46 2.78 6.33 6.77 3.85 5.83 5.04 8.05 8.06 4.78 5.85 6.48 3.26 8.32 0.63 6.47 6.55 5.28 4.81 6.67 7.62 4.43 5.2 3.59 4.23 3.38 3.81 5.73 7.54 5.49 6.28 5.41 5.07 5.14 7.94 6.04 3.86 3.94 4.42 4.25 5.42 0.99 2.92 7.36 4.68 5.83 2.89 1.26 5.37 6.25 -1.26 6.22 4.49 4.95 6.4 5 2.83 2.95 3.62 5.26 7.51 3.94
"68" 3.88 4.31 3.55 5.6 3.18 6.86 5.66 4.63 5.46 2.22 5.41 4.65 6.98 6.91 1.18 6.61 3.07 3.27 2.03 7.72 6.04 4.6 0.19 3.35 4.77 3.5 1.88 6.26 4.85 6.6 2.37 5.99 8.34 2.21 3.77 3.23 6.37 6.97 7.42 4.8 4.01 3.12 7.26 0.95 7.44 1.33 3.39 6.26 3.06 3.73 6.25 6.64 6.25 4.31 5.87 5.79 3.51 4.91 6.57 3.08 2.93 9.08 6.21 3.76 5.7 7.83 7.67 6.17 7.82 3.44 4.93 5.39 3.81 3.36 6.58 4.61 6.45 5.78 5.81 6.37 4.27 5.93
"69" 4.46 2.8 7.28 6.19 4.9 4.05 3.69 2.23 0.83 3.45 3.16 4.66 5.03 7.61 3.69 8.4 3.02 6.71 6.14 5.32 6.25 1.06 3.07 7.45 5.55 3.31 8.05 7.41 3.65 6.12 4.46 5.82 2.94 4.16 2.96 4.85 6.17 7.5 5.15 4.49 9.33 3.25 4.84 2.33 5.26 4.88 8.55 3.83 1.93 4.29 2.53 3.14 5.09 4.32 4.06 3.89 3.36 3.8 7.17 3.68 5.6 2.98 6.69 5.87 6.22 6.62 5.03 3.64 6.31 2.43 3.71 3.81 3.18 5.36 5.94 5.71 4.51 3.4 4.77 5.23 2.96 3.69
"70" 3.24 5.79 5.81 7.5 0.63 0.05 4.12 3.39 4.74 4.56 4.93 10.26 3.29 6.8 5.71 9.3 6.38 2.43 3.39 5.65 1.74 4.81 5.91 4.17 5.21 5.31 2.97 3.33 8.38 4.42 4.83 6.03 1.44 4.66 4.3 7.47 4.44 3.52 5.87 1.84 5.15 5.32 3.81 6.01 3.54 4.08 7.63 5.86 3.58 3.97 5.98 6.04 6.57 9.12 5.53 4.35 5.26 5.35 4.38 3.77 6.95 5.3 4.37 5.99 9.23 7.8 5.2 4.42 1.9 4.24 8.45 6.61 5.51 5.32 2.37 9.38 1.67 9.6 2.23 4.6 6.31 5.51
"71" 3.34 7.81 4.89 6 6.99 3.1 6.08 3.77 5.15 6.83 5.79 4.18 4.97 6.78 3.86 6.8 5.25 5.77 5.61 4.66 4.92 7.05 5.06 4.42 5.25 6.98 8.31 2.81 2.81 4.45 5.07 4.72 4.28 5.59 4.77 2.97 5.27 5.17 3.95 5.83 3.61 2.2 3.19 3.5 3.91 -0.42 4.87 5.1 6.97 2.76 7.38 3.55 5.27 4.15 6.85 8.45 7.16 2.86 4.36 6.12 5.45 3.72 5.57 8.92 6.15 1.43 6.32 3.65 6.74 4.42 3.7 5.29 3.19 3.87 6.54 4.93 7.07 3.3 5.65 2.11 1.43 5.08
"72" 6.49 3.63 8.31 2.64 5.02 5.02 6.3 6.15 6.13 4.45 5.51 8.98 2.79 7.69 5.4 3.21 3.48 6.36 5.27 5.52 5.58 2.92 7.29 6.77 2.82 7.51 4.74 3.48 6.71 2.62 6.35 5.83 5.91 7.26 5.44 5.93 8.4 6.61 3.85 1.01 1.76 3.56 4.11 3.38 3.49 6.45 3.43 7.39 6.43 3.54 4.82 5.05 4.98 3.4 3.23 2.14 5.52 5.84 5.12 4.98 6.88 5.85 9.54 6.88 3.5 5.17 4.14 4.14 0.75 4.59 8.54 4.02 4.26 9.91 7.45 4.43 4.15 5.82 8.7 5.41 4.07 3.93
"73" 5.74 3.17 6.37 5.65 4.84 6.52 3.84 4.55 2.89 5.39 2.66 3.1 3.1 6.99 2.25 6.17 3.53 6.3 4.86 9.72 4.88 5.81 3.39 7.03 3.4 7.54 6.62 7.64 7.55 5.29 4.28 2.25 7.64 6.06 3.69 1.26 6 3.72 3.27 7.88 5.53 2.81 6.62 4.22 5.94 4.89 6.49 2.29 2.23 6.85 3.01 2.49 5.06 4.67 3.44 2.82 6.17 2.81 3.09 4.55 1.38 3.94 3.31 6.55 8.03 3.37 1.41 6.27 4.15 5.21 4.77 4.66 2.43 4.53 4.48 3 4.49 6.29 2.32 6.9 5.93 2.75
"74" 3.25 9.54 8.1 1.95 2.13 5.89 3.93 5.6 3.61 5.7 4.43 6.2 3.25 4.67 5.28 4.7 4.15 3.89 6.17 1.91 0.12 6.79 3.51 5.65 5.58 2.41 5.14 6.8 5.17 6.11 3.47 4.88 2.53 6.86 4.01 4.55 8.85 5.75 6.6 4.99 3.32 7.1 5.99 4.3 5.94 3.35 8.47 5.84 4.99 6.79 5.48 5.4 5.84 4.8 6.81 6.07 6.14 3.24 7.33 4.94 0.39 3.28 1.9 4.52 6.04 0.37 4.38 1.14 6.55 3.07 6.85 4.93 3.05 4.63 6.06 5.13 4.52 4.2 4.97 4.76 7.22 3.91
"75" 3.89 2.87 3.71 6.53 3.86 8.09 5.38 8.12 9.46 3.93 4.29 7.01 5.6 7.34 6.43 2.67 5.26 3.41 7.62 1.81 3.83 7.23 4.16 7.22 4.47 3.81 3.51 6.64 3.64 6.78 5.57 5.3 7.26 3.11 1.64 6.58 8.19 6.82 6.81 1.89 5.64 8.61 2.58 3.59 6.52 6.84 8.44 6.92 0.45 3.28 4.95 4.7 4.52 3.37 6.49 2.65 10.33 2.4 8.74 5.79 5.98 6.22 5.46 5.29 7.84 4.25 5.38 7.24 4.24 5.69 7.07 5.84 4.93 8.13 3.94 5.59 4.56 5.73 2.37 4.41 4.39 6.64
"76" 5.24 5.53 2.03 6.79 6.85 3.05 3.81 6.17 1.82 2.85 11.1 3.87 5.55 6.62 5.34 6.87 3.56 2.87 7.52 3.5 6.82 5.95 10.04 3.91 5.2 6.52 6.82 7.03 -1.64 4.43 2.54 4.23 -0.22 3.81 3.94 2.91 3.49 4.24 0.43 2.69 5.42 6.27 5.11 5.31 5.92 4.63 3.81 8.49 6.75 4.74 6.7 5.35 8.19 3.07 5.22 4.46 3.49 2.91 3.83 9.79 5.07 3.93 2.33 7.17 3.61 4.48 3.91 6.99 3.68 3.96 2.01 3.32 2.67 7.52 5.32 3.98 3.63 7.85 4.37 5.37 6.65 4.54
"77" 3.21 8.61 7.15 7.02 4.76 4.67 7.9 -0.18 4.22 4.99 6.67 3.39 1.38 7.18 1.81 3.76 2.83 6.09 3.33 7.67 3.61 3.48 3.09 5.31 5.57 5.53 4.36 5.66 2.06 4.42 5.02 4.66 4.92 6.74 4.28 3.42 6.36 6.44 3.78 4.01 4.52 4.28 5.35 6.94 4.85 5.78 3.32 5.45 6.69 4.34 3.25 2.88 7.83 8.13 4.46 8.72 5.2 7.87 5.38 7.22 6.88 6.52 4.27 3.28 6 8.97 5.34 5.17 4.76 5.47 9.32 5.07 5.29 7.74 4.39 4.85 3.37 8.17 7.66 4.19 4.67 3.61
"78" 6 3.57 6.2 4.45 3.81 9.5 7.24 5.86 2.15 4.03 3.27 4.83 3.74 7.34 7.68 7.13 3.67 6.12 4.04 3.97 4.94 5.25 5.3 4.73 5.27 6.86 6.11 7.29 4.43 6.74 3.71 -0.29 5.78 9.27 3.55 7.23 5.38 5.56 5.61 10.26 3.48 1.88 5.48 7.62 4.31 9.56 1.22 3.38 5.77 4.76 2.38 4.21 3.65 2.01 7.89 3.1 1.35 4.17 6.66 10.09 3.82 2.99 6.81 2.23 6.92 2.07 6.81 3.55 3.61 7.81 4.81 5.05 7.08 6.17 4.56 7.31 6.94 2.75 6.75 3.86 5.45 6.44
"79" 2.81 5.84 8.12 0.78 5.9 3.66 4.52 4.29 2.07 2.97 4.88 2.68 4.07 5.2 7.04 2.7 8.55 6.24 5.66 2.41 9.31 7.03 7.68 7.6 4.51 5.14 3.91 7.27 9.92 1.07 4.47 5.85 3.38 4.96 3.23 7.13 5.16 4.87 4.23 1.94 1.93 2.63 1.71 6.09 5.34 5.33 6.72 4.7 8.25 7.52 3.29 4.8 4.64 4.73 5.36 3.61 5.64 6.33 7.06 5.03 4.96 7.93 4.32 2.49 3.49 3.85 4.66 7.5 4.87 6.22 4.44 1.57 3.69 6.42 5.08 3.42 5.21 5.67 3.97 5.83 6.5 5.71
"80" 4.99 3.31 6.42 5.94 5.58 3.69 2.07 6.18 4.05 6.45 4.79 6.69 7.28 4.16 2.75 6.35 6.22 5.3 3.41 5.74 3.72 4.62 7.04 5.55 2.31 4.71 1.54 2.78 2.73 4.68 7.24 3.61 9.53 6.34 3.6 1.69 4.16 4.03 8.85 3.12 5.12 2.95 2.64 4.97 3.26 4.23 4.19 6.99 4.45 3.76 6.34 2.58 4.89 5.57 2.98 3.57 5.77 7.48 5.3 5.91 7.04 4.31 8.79 7.28 6.51 4.84 3.56 6.88 5.35 2.59 5.43 5.44 4.38 4.68 7.33 2.37 1.79 6.01 5 6.89 4.95 4.78
"81" 3.48 4.72 5.74 5.41 4.98 6.92 3.12 8.38 1.82 5.3 5.06 6.48 5.58 0.64 6.8 5.74 4.41 7.9 6.89 4.54 3.73 5.17 6.64 4.19 0.78 7 5.3 8.02 5.81 1.94 1.48 2.51 4.94 4.83 5.89 3.95 1.39 2.21 6.45 5.97 6.29 5.11 7.3 4.64 4.79 1.84 5.72 4.52 4.67 0.37 6.43 5.15 6.12 4.98 4.13 7.53 0.69 1.95 2.64 3.5 3.17 6.08 8.37 5.69 8.69 5.32 5.01 5.99 0.08 3.56 2.68 1.33 4.57 8.21 8.17 4.96 7.73 3.42 3.88 1.92 4 5.94
"82" 11.37 6.94 3.43 5.67 4.01 3.99 2.94 2.46 4.09 4.28 4.57 7.05 2.4 7.97 5.52 7.13 6.7 3.96 1.49 4.82 6.79 5.37 7.05 2.8 6.64 7.34 6.13 7.49 5.43 8.5 1.98 4.91 2.35 6.94 5.65 7.51 5.36 3.62 3.86 5.95 7.73 5.42 3.78 12.11 5.98 2.19 5.02 2.73 4.48 3.32 3.3 7.2 5.22 4.08 4.34 4.9 4.5 6.81 4.67 -0.1 5.32 3.32 5.42 9.22 5.41 2.54 3.91 4.18 3.82 3.98 2.66 8.69 4.13 5.73 4.19 1.06 6.74 3.58 5.22 5.1 6.54 1.33
"83" 0.99 7.23 1.91 5.16 4.25 7.05 3.87 4.16 5.98 3.95 2.29 5.88 3.74 3.06 2.96 1.51 7.98 5.62 5.9 4 5.8 7.11 7.8 5.62 2.94 4.46 4.71 8.65 6.18 8.22 0.59 6.79 8.15 2.49 8.58 6.47 4.59 6.83 5.59 2.47 5.41 1.67 3.51 7.71 6.03 4.48 6.1 5.11 5.47 7.18 4.71 8.9 6.29 7.56 5.98 1.4 3.02 5.32 4.56 4.29 3.25 6.24 4.3 5.43 5.33 6.8 3.9 1.67 1.95 3.63 7.37 3.98 4.19 5.15 3.51 8.71 1.46 5.1 3.71 3.57 5.5 2.98
