"V1" "V2" "V3" "V4" "V5" "V6" "V7" "V8" "V9" "V10" "V11" "V12" "V13" "V14" "V15" "V16" "V17" "V18" "V19" "V20" "V21" "V22" "V23" "V24" "V25" "V26" "V27" "V28" "V29" "V30" "V31" "V32" "V33" "V34" "V35" "V36" "V37" "V38" "V39" "V40" "V41" "V42" "V43" "V44" "V45" "V46" "V47" "V48" "V49" "V50" "V51" "V52" "V53" "V54" "V55" "V56" "V57" "V58" "V59" "V60" "V61" "V62" "V63" "V64" "V65" "V66" "V67" "V68" "V69" "V70" "V71" "V72" "V73" "V74" "V75" "V76" "V77" "V78" "V79" "V80" "V81" "V82" "V83" "V84" "V85" "V86" "V87" "V88"
"1" 3.69 4.52 4.78 5.44 4.47 4.16 2.01 2.72 0.98 2.37 3.11 4.04 5.68 3.95 3.15 6.96 6.28 3.11 6.1 4.49 5.79 7.41 3.34 6.58 5.96 4.58 7.29 4.88 2.76 4.52 5.21 5.12 2.89 7.96 2.73 5.92 8.44 6.43 4.36 6.93 8.16 6.76 1.9 3.34 5.83 2.87 3.7 6.64 3.44 3.52 5.58 3.9 4.4 5.8 3.07 1.17 5.93 2.77 6.49 -0.32 5.87 4.92 3.8 7.45 3.69 5.87 4.16 5.05 2.68 6.76 4.37 3.65 3.99 4.97 6.28 4.53 4.88 7.13 7.64 5.67 0.74 5.04 6.09 6.03 3.3 4.8 6.95 6.28
"2" 5.52 4.7 6.97 5.35 7.94 5.39 6.05 5.44 4.74 3.5 8.1 3.59 3.37 4.2 6.29 3.11 8.19 3.43 7.1 7.11 1.89 8.17 4.98 2.95 3.55 7.64 0.72 4.62 4.65 5.83 5.59 7.21 5.18 2.36 3.97 4.04 5.28 5.37 4.88 3.69 6.87 4.53 0.88 3.15 7.6 8.11 5.83 2.33 1.86 2.41 3.93 8.22 6.6 2.49 3.45 7.64 4.76 5.93 7.1 2.29 2.2 4.15 3.42 6.55 3.35 4.92 3.39 6.35 3.11 6.82 6.27 4.87 4.75 6.18 3.23 6.21 5.65 2.47 6.98 -0.14 6.31 4.61 7.33 5.27 3.43 1.98 6.1 7.63
"3" 4.63 4.13 4.25 7.57 7.11 2.47 6 5.77 6.02 6.18 0.84 5.49 6.58 6.01 5.12 5.22 3.03 1.3 7.38 6.16 6.4 6.47 4.52 6.45 1.67 4.44 6.62 2.14 2.87 5.19 5.38 1.95 8.11 6.39 5.74 6.05 4.78 2.47 4.32 8.17 6.32 5.07 7.2 4.43 4.41 8.83 7.08 4.02 4.65 6.14 7.06 5.38 4.5 1.75 4.53 -0.29 1.55 5.6 6.15 7.14 6.57 5.01 2.3 1.84 3.14 2.34 5.09 1.67 3.41 2.93 4.96 4.61 1.87 6.46 6.33 5.1 4.59 5.63 6.62 4.35 4.32 5.83 3.93 2.94 6.94 3.22 4.04 6.53
"4" 3.63 8.14 5.48 5.82 3.9 4.72 0.68 8.01 3.78 6.21 4.53 7.75 8.09 6.59 7.69 2.38 3.84 6.57 1.51 4.87 4.24 3.89 5.41 5.24 2.8 5.93 3.64 3.99 1.45 2.94 5.99 6.2 6.11 3.2 6.94 6.47 5.24 6.63 4.24 6.81 5.38 2.17 6.45 6.78 4.9 1.8 4.21 6.03 5.78 6.1 4.16 5.93 5.12 2.74 5.18 4.5 3.78 4.94 2.77 7.41 9.32 6.33 3.49 4.14 7.22 5.48 5.34 4.79 2.44 3.07 5.56 2.75 1.28 3.99 5.43 4.47 5.76 5.58 8.53 5.9 1.81 3.14 9.38 5.9 4.36 2.21 8.03 1.81
"5" 5.3 5.57 6.14 6.73 6.46 4.29 6.35 2.92 3.5 5.87 4.09 7.04 1.77 2.33 3.75 6.92 5.72 3.93 2.65 7.14 4.23 4.99 6.74 3.8 2.86 4.32 1.93 4.38 4.66 5.04 5.5 6.96 -0.37 1.84 7.92 4.13 1.61 2.07 4 6.7 5.52 4.42 6.84 4.22 4.68 6.45 6.81 7.34 5.97 5.79 2.91 3.24 1.95 6.82 5.1 3.74 6.71 3.25 2.9 2.39 4.33 6.71 6.05 0.98 3.7 4.21 7.65 6.88 5.2 4.17 5.82 6 7.39 4.14 7.15 4.25 2.27 7.57 3.7 6.47 8.01 7.38 6.93 2.3 6.15 3.92 6.96 6.38
"6" 3.84 7.69 3.84 4.07 5.53 4.28 1.28 2.78 5.29 1.66 5.93 7.06 0.67 1.2 8.72 4.88 8.04 1.6 8.8 4.9 -0.19 6 9.64 8.9 5.52 3.19 7.46 5.79 1.75 6.05 2.91 1.91 6.33 1.92 10.17 2.59 6.04 7.19 3.9 5.74 7.51 8.03 0.28 6.66 5.36 3.49 6.23 4.57 5.44 2.22 4.68 10.45 1.96 4.1 5.27 -0.54 6.9 3.4 2.54 7.63 7.29 3.03 4.93 6.11 5.23 5.98 3.83 4.18 5.02 8.09 3.67 6.43 1.42 1.26 3.13 5.01 7.13 5.67 2.93 5.74 8.3 3.53 4.08 7.2 4.01 4.87 5.45 6.02
"7" 7 5.18 3.68 4.88 1.62 5.39 2.35 3.43 8.37 5.4 3.27 6.19 4.11 6.24 5.9 6.45 2.28 3.89 2.35 6.74 6.2 4.6 3.23 3.59 4.79 3.65 2.16 5.66 6.54 4.65 3.35 6.81 0.91 4.34 6.97 5.05 1.45 2.02 3.79 6.09 3.09 7.29 4.15 6.15 5.13 5.14 7.18 6.42 4.38 4.78 5.69 2.91 2.08 8.54 7.3 0.85 5.48 5.01 4.59 8 3.75 6.91 4.22 4.23 5.06 6.28 5.25 4.83 5.06 8.17 3.7 6.44 6.66 0.95 2.75 6.1 4.99 4.88 3.25 5.48 4.6 1.49 4.11 9.75 2.43 4.91 4.84 4.17
"8" 5.27 2.74 1.37 1.62 10.11 3.07 4.53 4.06 5.76 6.26 4.39 5.44 4.37 2.34 3.48 5.36 6.02 5.78 4.86 6.13 9.06 5.6 3.02 3.09 6.45 7.61 5.1 4.58 3.55 4.51 4.19 5.74 2.71 3.21 5.55 7.31 4.52 5.28 5.88 4.09 8.75 5.2 4.1 3.32 5.41 5.42 6.61 8.78 5.44 8.25 3.5 8.06 4.1 6.77 4.95 2.24 6.71 6.62 6.72 7.05 2.53 7.22 4.75 7.58 8.5 4.97 6.99 5.45 3.22 5.2 4.17 4.91 7.16 3.97 4.9 5.7 2.82 3.85 8.46 5.57 5.58 2.55 3.35 6.8 3.24 5.93 3.41 5.49
"9" 7.14 5.7 3.96 3.7 6.39 4.46 6.81 5.27 4.84 6.24 3.64 5.06 7.46 3.1 3.6 4.82 4.73 4.25 7.27 3.56 7.45 5.43 3.87 2.98 6.06 3.25 4.42 5.01 4.09 5.26 3.41 3.15 2.29 6.03 6.57 5.87 1.62 4.69 4.52 5.08 5.39 2.7 6.12 5.58 3.35 8.44 7.09 4.49 6.74 6.99 2.78 4.48 2.35 3.52 3.41 6.58 3.22 5.01 3.38 8.87 3.81 4.59 6.15 4.67 5.83 5.52 5.37 5.35 10.14 3.92 7.47 1.86 2.74 6.2 5.47 4.08 1.52 6.06 6.44 5.63 3.67 3.15 2.96 7.15 3.78 3.83 4.64 8.41
"10" 7.85 3.86 4.46 3.73 2.56 4.07 5.29 3.45 5.77 4.74 2.73 7.83 6.64 2.52 5.43 -0.48 0.79 5.53 1.71 4.5 5.86 2.71 3.35 9.43 4.05 2.58 5.91 5.06 7.89 6.54 2.82 6.79 4.34 4.03 4.29 6.33 3.56 8.46 6.58 4.78 5.22 8.04 2.26 5.63 2.7 5.29 6.39 2.11 1.76 2.99 5.56 2.68 2.58 2.53 8.95 3.23 7.8 4.85 -0.88 1.9 1.16 9.16 6.62 5.08 5.77 5.23 8.25 4.97 3.34 7.86 7.27 9.28 4.4 6.23 7.64 5.1 6.78 5.21 4.74 4.75 5.91 4.66 5.58 4.49 5.38 3.21 4.5 1.58
"11" 8.25 4.41 5.26 4.22 6.98 2.94 4.73 8.86 2.43 6.73 5.43 7.53 4.24 2.61 4.53 6.41 8.37 6.66 4.86 4.34 6.12 4.5 5.97 4.93 4.33 -0.04 6.08 5.61 2.95 5.42 3.98 6.42 6.28 4.39 8.91 4.3 1.79 7.64 5.29 3.81 5.29 2.6 6.76 4.26 4.89 4.45 3.73 3.86 6.33 4.53 2.31 7.58 4.76 3.24 2.21 4.08 5.9 0.24 6.96 -0.54 7.78 4.46 4.6 4.09 3.72 8.29 5.32 6.2 5.96 5.76 6.34 12.55 5.38 4.81 3.52 9.08 2.38 7.07 3.08 8.78 4.82 3.37 4.14 5.48 6.21 5.26 4.71 2.6
"12" 6.25 7.26 1.53 6.64 1.22 4.4 4.3 8.37 7.17 3.26 7.03 5.39 5.5 6.69 5.5 6.61 7.92 7.04 5.3 5.51 2.82 6.87 4.35 2.06 5.17 7.28 2.12 6.09 9.84 2.18 5.48 6.14 3.15 4.42 7.25 2.63 7.55 3.61 4.79 3.95 6.35 8.73 5.47 7.53 3.09 5.97 6.03 5.91 5.01 6.06 5.5 4.05 3.78 3.42 5.13 6.68 5.45 7.65 3.4 4.52 2.44 7.63 4.75 10.03 4.25 4.44 5.21 6.62 1.88 5.94 3.56 7.4 6.39 6.76 5.71 1.95 5.43 5.82 1.46 7.13 7.02 9 2.28 4.79 0.93 7.4 2.94 2.48
"13" 6.97 4.32 5.61 2.05 5.29 2.87 3.46 6.35 7.28 6.87 4.45 6.33 5.69 4.55 3.19 5.65 4.81 7 2.64 9.8 7.15 4.53 6.91 5.28 4 3.25 5.8 4.77 5.43 4.39 2.74 7.42 2.61 5.29 3.8 3.95 7.23 6.16 5.71 2.01 3.82 5.96 5.08 5.74 4.37 4.76 2.44 5.46 9.82 6.09 2.93 7.51 4.55 5.69 6.7 6.8 3.1 7.21 4.18 7.67 2.56 3.57 3.21 3.09 7.84 6.07 6.03 6.65 6.19 4.75 6.54 4.36 5.44 4.83 4.59 8.96 4.32 6.84 2.02 3.22 3.67 6.27 3.76 3.57 6.7 5.46 4.29 4.99
"14" 2.63 6.29 8.95 5.17 6.59 -0.99 0.92 3.76 4.07 2.14 3.61 7.25 4.13 7.43 3.37 3.65 4.67 3.57 4.78 4.16 3.32 6.4 5.07 7.06 4.55 3.92 1.92 5.73 5.22 6.78 4.96 5.87 6.35 6.6 2.95 7.19 4.83 4.77 2.28 7.27 2.65 5.41 5.82 3.72 4.79 4.25 5.02 7.15 4.44 5.43 4.85 6.25 2.01 5.96 2.9 2.81 6.64 5.63 4.33 9.17 4 7.75 6.6 6.51 4.86 2.24 6.45 5.85 4.93 5.17 9.73 5.85 5.93 4.6 4.65 7.39 5.16 4.89 -0.56 3.27 4.12 5.03 5.11 5.4 2.82 6.33 5.68 2.87
"15" 5.99 3.81 6.79 4.33 2.8 8.47 4.71 -1.41 5.37 2.49 4.1 5.3 7.04 5.41 8.35 4.64 5.67 5.86 4.59 5 3.57 7.57 5.59 7.76 4.44 2.81 8.17 5.7 7.85 6.63 7.95 1.39 3.01 6.69 4.14 5.57 1.61 1.88 4.46 4.3 4.18 -0.03 4.89 6.19 6.25 4.9 3.94 3.67 5.22 5.76 5.69 4.1 4.55 2.91 4.16 11.8 0.8 2.87 2.01 7.49 6.72 4.29 7.23 4.48 3.42 0.09 4.82 3.42 5.28 3.51 3.02 1.47 7.19 5.23 4.21 5.27 6.11 2.46 1.91 4.97 6.86 6.73 4.72 5.62 8.71 6.82 2.32 5.59
"16" 4.17 1.84 6.35 4.65 6.92 6.32 6.16 5.95 6.36 2.35 9.59 4.78 8.5 2.15 1.92 1.85 8.12 3.71 7.48 2.92 5.57 8.48 6.51 8.41 4.88 3.44 8.15 7.57 6.2 3.33 5.49 3.25 2.29 4.24 5.39 7.04 6.9 6.17 4.49 5.08 4.7 2.31 6.56 3.75 1.68 3.08 8.28 2.18 2.97 3.89 4.49 5.04 8.07 2.44 2.94 5.06 4.22 5.94 6.04 3.94 3.53 6.32 4.9 7.71 2.52 5.93 5.25 5.87 5.58 3.17 5.45 5.59 4.54 1.45 4.75 5.38 6.88 6.17 2.15 1.17 8.95 6.19 5.8 3.72 2.16 4.51 6.27 2.33
"17" 5.94 4.46 2.3 6.3 5.38 7.02 6.54 7.25 4.59 3.58 1.33 6.55 3.65 3.21 3.76 2.93 5.84 7.25 3.68 1.83 3.48 7.69 5.64 3.47 6.47 4.16 5.07 6.69 2.42 4.96 4.62 2.46 1.16 6.89 4.15 5.18 3.64 3.12 2.57 8.92 5.39 4.76 7.29 8.78 4.63 2.67 3.74 7.53 8.26 3.34 5.86 2.36 4.51 5.44 4.8 8.07 4.53 6.11 4.62 3.55 5.06 6.16 4.52 6.77 5.97 2.92 3.25 6.86 4.95 2.53 4.28 10.32 3.63 4.84 4.6 4.54 4.28 5.3 5.9 0.26 3.81 3.14 8.56 4.69 3.17 5.87 5.16 6.01
"18" 6.07 4.45 3.64 5.08 3.15 5.5 7.16 8.2 6.22 0.76 6.96 3.48 4.78 11.29 6.66 4.53 7.21 6.64 7.47 4.02 6.82 5.85 6.58 7.06 5.65 4.95 4.14 3.22 3.56 9.08 3.21 5.73 4.67 6.8 8.22 3.74 5.85 3.37 5.15 4.18 7.33 5.39 4.72 7.73 3.74 6.83 4.02 2.85 6.73 5.69 6.62 3.34 4.49 6.59 4.55 3.7 5.06 6.33 5.35 6.27 4.26 2.31 4.79 2.95 4.62 3.41 6.72 5.33 6.79 6.51 3.84 7.52 5.83 6.61 6.23 7.44 5.88 6.76 4.25 9.59 4.17 3.05 6.42 6.94 5.63 5.51 4.63 7.03
"19" 3.4 7.02 7.15 3.63 7.33 4.33 4.18 5.89 2.67 8.11 5.7 6.25 8.31 4.33 4.54 8.39 5.36 5.92 5.76 5.45 3.62 4.63 6.81 4.8 6.26 7.4 5.58 9.35 3.4 5.33 7.24 6.3 5.04 4.43 7 1.31 4.24 4.96 2.67 8.67 4.84 9.2 6.39 7.75 5 7.43 4.46 4.86 6.65 5.94 1.59 4.28 5.92 5.78 4.96 5.44 3.32 3.95 4.8 6.43 8.31 4.91 2.28 2.39 7.39 5.51 8.52 5.62 2.33 3.96 3.05 5.07 3.27 6.22 4.13 4.07 4.63 6.02 6.07 3.06 1.7 6.62 5.46 6.14 3.8 4.82 5.77 3.58
"20" 6.37 0.36 6.32 3.89 5.88 5.67 4.52 4.7 5.67 4.26 3.71 6.03 5.65 4.58 7.04 1.74 4.73 7.11 5.25 6.39 6.23 2.51 5.94 7.11 3.74 7.03 8.23 2.18 4.17 1.54 3.62 5.87 7.11 5.19 5.66 4.44 8.17 5.65 1.66 3.89 5.96 4.96 8.33 2.68 4.53 8.05 5.53 5.89 4.03 5.37 3.03 6.06 5.11 6.68 5.68 9.52 4.16 5.12 8.85 8.49 4.2 2.82 1.86 5.23 5.93 7.48 1.65 5.72 3.06 8.32 1.81 5.49 6.43 8.03 4.1 3.6 3 6.29 1.32 6.94 6.17 2.44 6.08 5.36 6.06 8.34 2.95 3.6
"21" 2.62 4.83 5.79 7.9 3.46 3.4 8.64 4.02 1.13 8.22 6.11 6.17 3.58 4.85 5.34 4.21 6.72 2.11 -1.43 6.13 6.93 3.62 8.38 3.56 5.9 6.36 7.45 6.07 8.87 2.74 3.51 3.49 5.28 4.7 5.8 3.83 2.08 1.9 5.76 5.24 3.73 6.31 3.65 2.19 0.48 7.23 5 4.82 1.51 5.59 4.34 3.19 5.25 7.2 5.66 5.85 1.9 7.33 1.05 7.38 5.29 5.7 6.16 2.4 6.74 1.86 4.79 3.8 2.1 1.61 6.56 6.35 5.66 6.26 9.26 6.59 7.09 2.63 4.36 4.54 1.75 4.28 5.85 7.23 8.27 4.56 8.3 7.64
"22" 8.79 6.64 1.38 4.46 5.72 4.71 8.05 0.69 2.33 6.66 8.16 4.55 5.42 7.37 5.76 11.99 3.81 6.53 5.04 2.5 8.08 5.17 5.53 2.94 10.16 6.01 2.16 5.91 6.79 5.99 3.47 5.61 3.59 2.35 3.64 6.86 4.72 4.78 6.11 4.34 5.65 0.89 2.85 4.8 2.83 9.02 3.2 4.32 1.89 7.66 8.65 7.09 8.39 4.67 6.97 4.3 3.23 0.66 2.48 1.72 1.76 6.41 5.31 4.89 6 8.61 3.27 4.32 4.27 5.01 2.76 9.76 3.72 4.92 3.87 6.75 2.74 6.03 2.9 1.13 6.15 3.89 7.15 5.89 3.39 3.55 6.04 6.77
"23" 3.85 8.61 5.76 6.72 2.31 4.3 3.09 4.91 9.51 4.01 4.4 6.57 6.05 5.53 4.83 7.52 5.89 2.61 7.84 4.88 4.88 5.66 7.79 4.95 4.13 8.1 6.54 5.75 5.18 8.31 6.46 3.14 5.96 3.98 7.32 4.96 3.46 4.1 4.03 5.38 7.89 7.39 11.11 3.41 5.72 3.2 6.6 5.31 4.9 6.76 5.62 6.91 4.67 0.38 4.52 2.82 4.95 5.47 1.57 2.57 5.58 7.89 3.11 3.37 3.94 7.68 6.87 3.12 7.23 4.41 1.28 5.24 5.71 4.47 2.53 5.03 5.62 2.17 4.76 5.1 6.33 5.03 3.6 4.57 1.55 3.1 3.5 7.1
"24" 3.66 6.22 5.66 2.3 5.38 5 4.01 6.78 4.65 9.58 4.56 4.89 5.06 4.4 6.2 3.14 6.26 -0.23 3.54 2.22 7.19 3.54 7.88 6.5 6.21 5.54 4.34 3.55 7.53 4.11 4.58 3.09 8.73 5.86 4.61 3.71 2.41 3.37 3.66 5.29 6.01 7.86 5.82 7.78 3.87 6.3 6.1 4.94 2.04 4.42 8.82 1.7 6.09 2.98 5.07 4.17 4.16 2.51 7.5 7.71 2.75 2.66 4.06 3.85 6.05 5.48 2.26 6.04 5.45 5.16 3.52 4.12 10.52 7.66 6.61 5.76 2.12 4.87 3.35 4.83 5.81 7.31 6.25 5.23 1.11 4.07 2.89 2.38
"25" 7.89 6.87 4.57 2.18 4.86 1.93 4.54 4.51 7.49 4.02 4.61 3.6 5.4 6.72 4.11 3.81 4.42 4.68 4.45 5.46 6.5 5.07 9.14 7.69 1.61 2.62 1.14 3.11 6.98 7.35 4.8 7.39 7.59 3.83 3.16 7.66 5.72 3.91 -2.72 6.76 6.76 4.61 5.23 6.29 2.52 1.95 8.29 4.92 6.7 4.79 6.01 2.34 3.98 5.28 4.3 2.07 7.33 6.32 6.96 6.16 4.3 5.26 6.54 4.56 5.68 6.73 5.95 4.57 8.25 8.07 4.35 5.42 4.34 3.98 5.04 6.24 3.45 2.19 4.9 6.34 1.3 4.03 3.71 2.3 6.41 4.36 7.9 4.16
"26" 7.86 1.5 5.74 6.23 1.54 4.23 6.87 2.45 4.79 2.45 4.43 5.09 4.68 7.98 8.1 6.96 3.77 2.38 7.17 3.9 2.93 8.14 2.35 4.5 5.61 3.01 3.14 8 8.59 3.01 3.46 5.78 3.66 5.25 4.56 2.4 5.28 2.19 5.7 3.22 5.56 5.24 5.57 5.94 7.05 4.76 3.82 7.17 3.05 5.71 5.06 4.23 4.39 3.93 6.52 3.88 4.41 0.12 6.35 5.61 7.36 5.74 5.69 5.31 6.51 8.91 2.38 6.47 4.18 4.75 7.23 1.72 4.53 5.07 6.1 6.12 4.74 2.47 3.04 9.34 4.77 2.05 4.62 3.01 7.08 4.29 6.58 5.72
"27" 7.57 4.45 5.23 4.73 6.43 3.46 7.04 4.55 2.08 5.75 4.17 4.75 5.31 3.46 7.92 2.47 3.43 7.09 7.48 4.97 5.11 4.69 4.65 4.93 4.17 6.93 5.7 1.95 5.54 6.53 3.9 5.77 5.93 4.86 5.72 3.51 6.42 4.05 6.76 3.39 3.48 3.16 4.87 4.8 4.13 4.06 2.47 4.14 1.94 4.27 3.38 5.54 3.63 2.8 3.92 4.43 6.18 4.54 7.11 5.84 3.04 6.59 6.14 5.4 7.07 0.81 3.13 7.14 5.21 5.15 8.14 6.96 7.75 3.54 4.19 4.58 4.75 1.06 4.98 2.1 5.85 3.08 6.54 5.11 5.7 7.85 5.24 2.37
"28" 4.58 5.13 3.22 2.17 2.17 8.26 8.4 -2.3 5.35 4.19 5.09 7.67 8.42 1.16 -0.95 5.87 7.47 2.44 3.04 3.56 2.46 1.98 6.38 2.19 8.22 5.5 4.74 1.48 7.63 8.18 4.21 2.83 3.74 3.66 7.48 6.21 3.59 6.18 4.22 5.29 5.72 6.41 4.9 1.17 6.64 7.7 3 4.73 2.27 7.55 3.91 7.2 5.73 2.94 4.4 4.81 5.37 5.86 6.57 0.25 4.41 7.96 3.84 4.07 4 5.95 3.53 4.92 3.03 7.75 4.73 4.81 4.96 4.91 4.09 8.42 4.64 4.91 5.12 5.07 5.65 6.65 1.31 6.18 2.46 5.09 4.7 4.89
"29" 4.77 6.26 2.61 3.1 5.01 4.85 0.89 3.27 3.92 6.08 6.74 5.19 4.04 4.7 4.34 7 2.94 6.59 7.83 2.6 5.98 3.63 9.16 4.91 6.03 3.55 5.09 6.9 -0.84 1.06 4.84 3.03 2.39 6.59 5.29 7.82 5.28 6.09 5.68 6.74 4.67 4.57 6.3 7.69 4.49 8.97 3.09 5.3 5.58 4.9 3.96 5.93 4.01 6.4 7.95 6.67 2.15 3.41 6.16 4.65 7.35 4.96 2.82 3.66 3.95 7.56 4.99 4.35 2.4 4.11 4.36 5.07 5.01 7.79 2.67 2.53 4.67 2.97 5.5 5.48 6.23 4.16 2.3 3.38 5.81 6.49 5.65 5.69
"30" 6.63 5.15 5.23 2.82 3.7 4.49 7.77 10.74 4.18 6.5 2.42 3.9 7.83 6.1 4.89 6.6 7.94 7.51 6.58 2.74 3.77 6.34 7.23 6.38 5.04 6.83 5.81 6.69 5.42 3.71 2.25 4.62 9.18 1.56 5.11 7.23 4.85 8.25 5.46 5.71 6.72 5.84 4.25 7.17 5.71 8.43 7.49 0.89 0.51 3.09 4.45 4.83 7.73 4.3 3.3 8.59 6.96 5.12 4.13 8.96 7.09 2.32 10.18 3.25 5.77 3.64 3.36 5.35 4.1 5.49 3.22 3.54 4.16 5.6 7.21 4.04 3.39 5.9 6.24 6.38 2.59 4.16 7.8 4.72 5.56 5.34 4.49 5.89
"31" 5.67 4.23 5.46 7.01 7.46 4.7 8.08 6.09 5.2 4.58 4.33 5.15 4.75 1.41 7 6.02 6.14 7 5.82 6.65 3.82 1.85 7.42 2.89 3.51 3.21 2.5 3.6 4.12 7.6 0.38 3.13 4.54 6.65 5.44 4.2 4.25 3.74 1.77 2.67 7.23 6.02 3.35 5.7 8.82 3.12 5.77 8.24 3.26 8.23 3.84 7.05 5.13 2.98 3.78 6.9 7.52 4.32 7.21 6.49 7.49 5.37 5.42 6.64 1.51 4.21 5.52 4.99 1.74 5.26 7.51 3.72 5.33 8.73 4.97 4.74 3.16 4.39 5.54 6.4 2.61 5.19 4.95 4.52 3.37 5.84 2.95 9.49
"32" 7.57 8.73 7.89 5.78 3 5.05 4.8 2.5 2.55 4.28 2.92 6.85 6.52 3.45 5.59 3.62 5.94 5.32 5.88 5.72 7.04 9.49 3.03 7.66 6.05 2.39 1.62 7.15 9.39 1.46 3.48 6.53 4.52 4.3 5.75 4.01 3.93 4.55 4.55 4.66 3.31 6.04 2.84 5.65 7.44 4.72 7.31 1.77 6.34 7.12 9.03 6.84 7.14 7.8 4.62 1.99 2.05 1.1 1.55 2.54 6.21 4.75 10.39 5.44 6.59 6.79 7.1 6.17 5.34 4.83 4.55 4.52 2.6 8.48 6.11 4.86 4.14 6.24 5.74 4.47 6.69 1.05 5.72 8.1 3.68 3.3 5.01 4.53
"33" 5.99 5.35 3.14 2.23 7.38 4.61 5.41 5.73 5.71 5.84 4.86 2.54 2.98 5.87 3.37 3.79 1.48 3.17 4.96 2.68 5.11 5.11 1.37 5.51 5.63 4.87 5.76 1.86 4.78 6.67 4.3 6.85 6.41 5.43 3.25 5.1 3.25 2.45 5.12 3.99 3.49 3.94 6.22 6.18 3.94 4.44 6.96 3.76 5.8 5.73 5.47 5.37 3.6 4.88 9.76 5.7 5.51 5.54 3.79 5.26 1.79 6.73 5.79 2.03 7.41 6.42 7.16 6.2 4.28 3.35 5.65 9.63 3.92 5.34 3.48 4.84 6.44 4.57 6.05 3.2 4.34 6.38 4.78 5.13 5.05 5.84 3.81 7.64
"34" 4.77 3.79 0.79 5.51 5.27 4.62 5.76 3.22 6.83 7.51 2.39 7.84 7.78 1.9 5.6 6.78 7.9 4.97 9.42 6.61 4.04 5.27 3.93 2.63 8.13 3.12 6.02 6.35 1.05 4.13 4.36 3.13 4.53 3.71 7.09 11.31 6.45 4.21 5.72 3.63 6.82 5.65 3.57 7 7.04 2.52 3.67 4.87 6.35 9.32 4.04 4.8 4.65 8.75 4.95 2.22 0.12 3.52 6.39 7.58 3.74 7.25 7.85 5.1 4.81 5.65 2.11 2.32 4.91 3.1 2.35 6.18 5.24 5.35 4.15 1.32 4.71 3.55 6.75 4.55 6.4 3.17 5.06 3.92 5.8 6.89 4.45 6.88
"35" 7.49 8.37 4.04 4.5 8.33 7.26 6.23 5.19 6.67 4.81 7.08 6.25 5.88 4 3.3 4 7.16 3.9 1.25 4.07 7.75 3.57 3.8 7.22 7.3 5.86 1.31 5.99 5.36 9.43 6.96 0.6 8.16 4.83 4.79 4.3 2.84 4.24 5.86 2.58 4.1 8.01 2.45 5.59 2.89 5.99 3.78 3 6.38 4.92 7.05 3.21 4.62 7.86 3.38 1.09 7.67 6.85 5.5 7.57 4.97 6.24 5.33 6.14 6.15 1.45 7.87 5.86 2.62 3.49 10.47 3.26 2.53 6.84 8.01 6.18 6 6.44 3.08 1.57 5.93 6.1 4.69 6.35 3.55 5.2 4.88 5.18
"36" 4.88 3.67 6.24 1.31 4.59 3.48 3.85 5.47 2.47 7.5 9.02 3.53 3.23 2.35 9.52 4.28 4.26 1.89 5.38 5.28 6.43 4.02 2.52 2.15 2.33 4.96 4.42 3.28 7.3 2.13 4.15 1.75 4.61 1.18 1.8 8.17 5.85 7.71 4.7 6.23 2.99 9.72 6.68 2.07 4.23 -1.17 8.39 3.19 5.61 7.06 3.13 3.58 5.32 3.06 1.7 4.29 4.18 4.16 2.78 4.38 5.53 5.41 7.29 6.57 2.1 4.57 3.91 -0.09 3.09 6.46 4.79 4.52 2.48 6.52 5.72 6.53 2.16 8.61 7.09 3.83 4.32 0.22 4.26 5.67 4.27 5.22 2.63 7.66
"37" 3.07 2.14 9.03 5.73 7.93 3.35 7.21 4.46 5.15 6.2 5.97 3.64 1.48 3.71 2.03 4.52 2.48 3.32 2.13 7.62 6.83 6.11 4.07 4.95 5.7 5.72 2.87 1.72 5.96 3.82 8.23 3 4.57 5.41 2.99 1.9 -0.45 3.87 4.38 5.75 3.06 4.71 4.58 6.77 3.83 5.49 2.17 5.13 5.26 0.19 9.06 5.87 1.43 4 6.69 8.14 6.13 6.08 4.48 4.57 5.99 1.97 4.1 2.65 6.2 6.33 6.64 6.67 6.64 3.71 6.86 4.07 3.79 4.71 3.62 1.54 3.95 5.46 6.09 4.55 4.35 4.47 4.52 3.65 5.85 2.08 8.73 3.73
"38" 2.4 5.67 7.89 3.49 4.82 4.6 2.18 1.94 3.5 6.17 6.22 6.96 7.25 4.9 6.67 5.99 6.47 5.94 4.51 6.44 1.38 7.1 4.31 6.3 4.29 6.9 4.74 5.23 9.26 4.9 6.38 4.74 5.33 3.66 5.47 4.94 7.93 6.9 5.39 5.69 2.3 6.47 7.09 4.45 5.22 6.88 1.57 6.06 8.68 3.52 1.07 5.25 6.03 7.09 6.18 4.54 3.18 2.42 7.71 4.39 3.59 5.81 0.17 6.29 2.07 4.04 2.71 6.13 1.74 6.12 6.11 3.65 2.99 6.16 4.76 3.16 3.63 6.06 8.28 9.37 5.14 5.71 5.59 3.45 7.38 3.72 5.09 6.57
"39" 6.94 6.3 2.3 4.37 3.98 2.28 2.72 7.37 3.28 3.11 1.79 5.02 3.2 3.32 4.29 3.95 6.89 6.44 8.03 6.39 3.46 2.86 3.49 5.11 5.98 8.19 3.61 5.77 4.75 7.7 4.6 5.01 5.26 5.77 4.53 6.05 2.93 4.78 3.82 4 5.37 4.08 6.16 4.13 3.53 7.87 6.68 6.62 5.41 7.05 4.86 3.66 3.24 2.45 6.12 4.71 6.43 7.86 5.37 8.89 5.97 7.71 5.27 1.29 4.4 5.35 0.48 4.59 3.92 5.23 6.54 5.35 1.46 7.13 6.24 3.32 2.54 1.96 6.89 2.61 5.81 7.22 3.74 -0.78 1.91 6.25 6.73 4.68
"40" 4.02 6.26 6.65 5.38 3.39 8.13 7.48 6.49 4.61 2.59 5.29 4.3 5.79 4.73 7.96 5.77 6.31 3.63 6.67 6.12 5.29 2.39 6.49 8 3.38 2.31 5.32 3.78 5.44 2.07 5.63 8.55 7.11 3.48 1.64 8.6 6.42 4.1 6.43 6.36 8.31 6.2 3.47 7.07 5.17 5.16 2.53 7.45 0.84 7.62 9.39 6.94 8.24 7.41 6.59 5.44 5.66 6.29 5.17 3.57 6.19 5.12 3.48 9.34 2.18 5.03 5.31 4.52 5.75 3.51 0.64 1.7 8.77 3.47 1.05 2.76 4.36 9.14 4.62 3.52 3.11 0.11 2.1 5.63 3.95 4.65 4.53 3.16
"41" 7.23 5.6 4.58 3.49 5.2 6.56 4.73 5.24 5.8 6.65 6.32 6.45 0.61 5.47 7.24 5.35 4.41 7.41 5.5 4.63 6.89 8.25 4.03 5.08 8.59 4.51 7.22 6 2.31 3.46 1.62 2.82 6.51 6.53 0.2 5.8 3.69 4.22 2.81 6.16 3.89 3.14 3.73 3.9 0.44 2.95 6.31 9.43 6.48 4.47 8.52 3.9 6.98 3.63 10.26 5.67 7.49 3.39 5.21 6.41 5.4 4.57 6.67 3.24 8.59 4.23 2.81 7.18 4.22 3.44 2.37 3.13 8.28 3.33 2.84 6.16 5.79 5.58 7.67 3.91 6.88 7.32 4.21 6.25 4.61 5.93 4.66 5.17
"42" 3.45 5.94 4.11 4.09 2.94 5.15 9.25 3.78 8.03 7.57 6.75 4.25 5.96 5.26 5.71 2.68 6.26 4.86 4.67 7.79 6.68 5.26 4.36 3.59 6.1 4.86 6.69 2.89 7.5 5.29 3.12 2.12 2.21 3.59 5.93 7.46 5.55 4.99 6.35 4.83 1.94 5.52 7.88 3.71 4.76 1.39 5.85 6.01 3.29 1.83 4.4 3.36 8.63 2.58 4.93 2.29 5.99 3.99 7.72 5.87 1.58 0.96 10.24 5.26 6.01 1.74 5.76 5.67 7.62 5.93 6.62 6.48 8.77 5.1 9.14 7.64 6.26 4.24 4.59 3.3 4.93 3.99 4.66 3.89 5.94 4.88 6.51 7.58
"43" 4.9 7.8 3.85 1.74 6.53 2.86 5.02 3.83 5.3 5.09 6.8 6.75 6.41 2.7 5.69 3.02 4.39 4.32 4.56 3.78 3.96 2.07 3.02 1.63 4.35 4.73 6.38 4.06 6.93 8.91 3.72 5.09 7.23 6.18 7.21 2.86 6.33 9.21 5.76 3.4 3.72 2.9 2.93 4.19 6.08 2.8 3.38 6.11 4.32 3.87 5.26 6.69 0.79 8.44 6.04 4.02 5.41 4.68 7 5.97 7.36 3.62 4.36 4.97 4.18 6.76 2.82 4.86 3.7 5.96 2.22 5.45 4.12 4.41 8.75 4.4 2.84 5.04 3.71 0.49 7.04 5.44 3.45 6.1 7.01 7.58 5.12 6
"44" 5.83 2.65 5.35 5.18 5.91 2.59 3.03 3.86 3.23 4.24 2.82 4.45 1.74 5.5 7.08 3.47 7.75 4.91 0.33 3.11 10.2 4.63 5.39 0.98 4.01 2.75 2.69 3.87 2.8 0.8 4.18 5.5 1.1 2.87 8.88 6.26 9.74 4.33 6.34 4.58 5.42 5.2 5.76 9.22 7.7 5.37 7.69 3.86 1.49 9.53 2.52 2.02 4.48 1.73 6.22 3.78 4.94 6.94 3.28 3.22 1.02 3.55 7.87 4.81 7.07 5.92 7.56 3.12 -0.12 2.69 3.28 5.47 7.17 7.55 9.09 9.65 3.7 4.78 8.15 7.76 4.85 6.68 5.22 4.01 6.25 5.71 4.12 2.55
"45" 0.76 4.67 7.44 4.64 4.47 2.34 3.81 6.1 8.85 5.2 6.01 4.03 6.97 3.09 8.5 4.57 6.77 3.6 2.02 6.7 6.38 4.53 3.11 0.91 7.37 5.44 5.69 5.18 9.81 8.51 4.67 3.2 7.4 4.58 2.91 2.55 4.66 5.57 1.48 2.46 6.88 4.76 3.03 4.38 6.84 8.07 4.08 6.62 6.66 6.41 4.39 6.17 2.52 2.74 5.49 5.8 1.84 4.33 4.97 4.7 3.87 5.26 3.07 4.37 1.28 3.48 5.63 5.86 6.05 6.37 5.46 1.63 8.73 3.22 7.6 7.59 4.62 5.14 3.98 2.12 3.31 6.02 5.39 4.13 5.98 4.9 11.1 3.44
"46" 6.32 3.82 6.13 5.18 8.6 7.03 4.63 2.73 3.33 5.55 7.97 8.03 2.62 6.01 6.45 5.71 10.6 6.51 3.31 3.93 2.25 9.49 5.85 2.48 4.59 4.58 2.97 5.91 5.32 3.98 4.85 6.16 5.85 0.91 4.58 4.76 4.17 5.45 4.29 4.27 4.79 6.71 1.97 6.83 5.41 4.52 2.15 6.06 4 2.93 7.93 5.41 6.9 5.75 4.34 1.64 1.32 3.87 9.22 0.9 6.88 7.55 9.39 5.56 4.68 4.61 6.73 6.09 5.04 5.71 0.84 3.09 4.17 6.8 6.95 5.72 4.32 4.6 0.51 5.57 3.46 2.95 4.38 5.16 6.35 2.07 5.45 2.77
"47" 5.75 6.47 3.71 4.13 3.44 6.53 2.38 5.09 5.73 5.44 5.66 3.3 6.45 3.93 4.99 3.12 3.71 5.83 3.7 7.21 8.53 5.82 5.02 3.05 1.98 3.25 2.16 7.15 3.2 6.35 7.24 -0.57 4.69 4.04 5.4 7.71 5.6 4.44 2.95 9.37 7.11 2.39 7.12 5.35 6.88 4.57 6.93 7.59 1.6 7.17 2.63 4.79 3.83 3.96 6.67 4.87 8.78 8.53 9.55 7.41 8.87 4.65 7.02 0.44 3.49 4.78 7.69 5.95 3.01 5.02 7.83 4.9 6.65 0.76 6.25 7.57 7.08 4.82 0.88 4.54 2.53 3.9 1.47 5.91 3.79 5.26 8.04 3.26
"48" 6.04 7.9 6.03 6.49 3.06 5.83 2.74 5.05 8.96 2.37 4.73 9.74 4.88 3.62 2.4 5.31 1.79 5.05 5.58 5.84 3.62 4.84 4.11 7.54 4.88 4.12 6.51 3.36 4.97 6.77 3.13 6.78 1.7 4.01 4.88 3.92 4.12 10.77 5.38 7.39 5.33 3.14 4.75 7.96 6.04 5.55 4.83 5.94 2.12 4.4 7.15 7.73 4.58 5.93 7.29 2.79 2.01 5.45 2.48 4.18 6.86 5.43 6.98 4.04 8.48 5.59 4.72 4.71 4.06 6.63 8.86 3.77 3.47 2.45 2.69 8.83 4.08 4.35 0.6 4.31 5.82 8.22 4.7 4.76 5.96 3.59 8.14 4.93
"49" 4.45 5.11 6.85 7.16 5.83 7.18 4.4 7.21 3.63 10.37 7.72 6.73 1.16 3 1.05 6.46 4.29 5.23 11.23 4.4 4.3 2.59 8.27 6.39 6.01 4.69 4.01 8.59 6.87 4.29 3.45 4.83 3.73 2.46 5.02 3.49 3.64 0.45 10.09 3.76 7.85 7.09 3.11 7.76 6.25 4.84 3.31 7.11 4.88 2.79 9.07 3.03 5.91 3.69 4.07 4.11 4.19 3.36 7.78 5.11 5.79 4.51 7.6 7.44 0.54 4.54 4.13 4.62 6.24 3.54 4.67 5.71 3.42 5.12 6.98 2.5 4.6 0.73 6.87 8.75 2.37 2.42 5.97 3.59 10.33 4.66 -0.2 5.54
"50" 6.39 4.05 9.7 5.88 2.04 4.02 1.16 5.54 5.93 3.65 1.51 2.12 5.84 6.12 4.26 8.66 10.47 4.52 4.6 3.97 6.7 1.85 4.52 6.56 4.44 4.34 7.1 5.16 3.02 3.96 4.71 5.59 6.41 5.9 3.58 3.52 3.35 4.57 9.56 3.21 6.57 6.37 3.77 7.05 2.33 4.54 4.87 4 4.27 4.67 2.43 3.34 4.02 3.07 4.55 5.47 7.1 4.75 2.68 7.01 5 5.08 9.74 7.13 3.66 2.51 5.29 6.51 6.5 5.34 7.34 6.51 6.59 5.55 8.69 5.94 6.67 5.12 3.62 4.67 8.04 4.19 2.96 1.5 5.35 3.04 5.09 8.48
"51" 3.78 1.18 2.8 2.15 4.61 6.98 10.51 4.42 3.02 6.53 7.91 4.24 7.83 5.51 3.11 4.42 2.21 6.03 9.77 2.69 5.52 7.06 3.82 5.86 3.01 3.95 3.94 5.09 5.82 3.91 3.49 7.02 5.51 2.23 2.61 4.4 3.42 2.84 4.29 5.42 2.27 3.48 6.29 3.49 6.87 2.28 3.43 7.88 6.66 7.61 4.79 5.72 4.74 6.92 7.04 3.3 5.66 3.86 5.97 6.67 6.43 4.47 4.7 2.32 7.18 7.17 4.89 2.79 5.05 4.63 5.93 -1.6 6.81 4.27 8.75 4.02 1.06 7.52 3.66 1.31 1.4 1.37 4.39 4.37 2.95 5.31 5.87 5.53
"52" 3.09 6.42 3.15 4.41 4.63 5.34 2.74 5.77 3.54 5.24 6.21 6.55 1.66 5.87 1.71 2.56 5.21 2.82 7.53 4.4 7.61 0.72 5.9 7.27 5.97 1.44 3.31 1.35 7.94 9.14 7.78 6.32 1.16 6.54 4.05 4.28 7.19 3.5 2.98 6.28 2.82 2.35 4.83 4.7 8.28 4.03 4.74 5.4 7.21 3.22 6.76 5.26 7.29 4.73 2.71 6.78 3.44 5.46 4.97 1.19 4.13 5.6 4.97 5.17 5.64 4.53 3.51 2.04 1.65 5.36 8.05 5.91 3.04 5.49 3.6 6.34 2.84 3.47 6.3 4.67 6.56 3.3 3.3 5.34 4.05 5.61 4.11 4.73
"53" 4.12 7.01 4.9 5.11 6.82 3.02 3.8 1.47 5.45 5.48 1.59 4.37 6.47 7.6 4.31 7.45 5.67 5.33 4.21 10.31 7.09 8.6 5.43 3.46 3.41 5.9 3.49 4.69 4.49 8.23 3.26 6.48 8.42 6.01 4.79 5.84 1.03 6.74 5.97 3.78 7.12 5.12 2.2 5.53 0.44 4.35 6.7 3.36 6.83 6.81 6.72 5.1 7.08 2.54 4.14 2.85 4.05 2.54 5.77 3.6 5.6 5.33 4.84 7.5 4.63 4.85 6.5 5.89 4.59 6.78 4.01 5.27 0.68 4.73 3.89 3.95 7.52 4.82 4.37 7.34 5.07 1.99 2.17 7.12 5.49 4.45 5.45 3.82
"54" 4.5 6.68 7.37 3.29 5.58 2.74 4.11 1.49 3.61 2.89 4.46 6.7 2.57 5.85 7.43 5.39 4.84 6.83 3.47 5.08 3.57 4.54 7.2 2.99 4.1 3.66 1.37 4.03 5.32 2.72 2.96 5.81 7.2 5.35 4.51 2.51 6.46 4.66 3.92 6.81 5.14 5.98 3.64 2.49 7.88 2.33 3.26 11.17 5.52 8.05 5.41 3.69 4.73 5.17 6.57 5.46 6.37 4.24 5.22 7.87 6.42 3.04 4.91 7.98 4.49 4.86 7.18 1.98 6.23 2.29 3.61 4.5 7.52 7.4 4.75 4.86 7.85 2.84 4.32 0.67 7.39 4.54 6.06 2.05 7.81 7.19 6.32 0.99
"55" 6 8.32 2.36 1.75 5.06 6.15 4.97 6.37 4.85 3.73 3.18 9.73 1.95 4.05 2.71 7.7 8.13 5.43 3.51 6.25 4.97 6.99 3.43 3.48 8.39 6.72 5.09 6.48 5.14 4.43 5.57 3.97 4.06 2.23 1.79 4.05 2.1 8.13 7.13 2.59 4.47 4.94 4.41 7.4 5.64 4.49 0.73 6.1 5.05 5.79 5.8 2.98 3.02 2.75 1.56 5.88 2.03 5.53 2.63 5 2.57 1.31 3.89 7.48 4.56 6.79 4.73 3.2 3.2 2.19 7.42 4.38 4.56 4.07 6.23 2.98 7.9 5.95 4.1 10.94 6.2 3.99 2.48 5.69 4.72 4.28 7.55 4.17
"56" 5.3 1.64 2.29 3.99 8.01 2.63 6.67 7.67 5.52 4.99 6.13 6.36 5.08 4.95 2.09 2.85 4.41 5.82 4.07 5.53 4.7 6.64 3.95 4.29 4.82 3.51 5.79 6 5.43 4.55 4.59 6.45 3.45 8.35 5.18 4.81 5.35 3.31 6.25 8.65 2.83 4.23 6.44 4.52 3.38 3.77 2.9 3.49 2.32 2.87 2.15 4.81 7.89 1.38 1.75 7.92 5.76 2.68 1.88 6.22 4.58 5.98 5.37 4.67 6.43 4.54 3.23 3 6.13 3.93 2.29 9.53 4.26 6.42 4.83 5.67 3.33 6.85 6.51 5.78 6.34 4.65 3.22 3.19 5.57 6.29 6.73 5.45
"57" 3.6 4.23 3.23 6.32 6.17 5.73 2.57 6 4.05 5.64 3.45 6.33 9.03 3.97 5.31 5.92 6.93 6.66 7.73 3.08 0.88 3.83 8.8 6.65 4.06 7.36 2.57 6.06 7.58 3.72 3.67 6.23 2.24 4.95 7.34 5.35 3.55 8.12 4.43 5.23 1.72 5.69 7.06 7.02 6.41 3.53 6.25 5.95 6.73 2.75 4.8 3.4 4.07 4.13 8.48 6.28 3.2 4.39 2.85 3.49 2.97 5.38 9.45 7.87 4.86 6.48 7.7 7.37 5.93 0.87 6 5.77 2.14 4.84 8.37 3.18 3.78 5.64 6.24 7.61 5.12 2.69 8.33 5.66 6.96 7.17 1.01 3.86
"58" 3.76 6.56 7.27 4.99 0.96 5.42 4.47 6.12 6.47 4.3 3.25 3.64 3.01 4.74 4.3 5.73 8.06 4.82 5.74 10.91 7.69 4.47 3.81 7.58 4.65 7.75 6.35 4.04 6.74 1.93 5.88 6.53 3.62 3.37 3.7 7.63 0.98 5.86 7.61 5.07 0.45 4.23 4.56 3.11 4.35 4.24 4.32 3.79 7.19 3.99 7.99 5.47 5.03 7.28 6.84 2.95 6.47 4.45 7.42 4.56 7.2 4.47 3.41 6.78 5.52 5.06 5.91 1.37 0.7 6.48 5.32 5.17 2.91 8.14 2.41 6.45 4.28 6.78 4.27 4.31 5.01 6.02 5.04 5.73 6.72 3.44 3.88 5.35
"59" 2.58 7.31 5.91 5 5.82 3.19 6 4.97 5.56 3.11 6.76 4.21 7.21 7.2 6.32 5.04 6.1 6.04 6.94 6.13 5.67 4.37 1.91 3.45 2.46 5.53 2.2 3.8 5.36 4.9 4.86 2.97 4.31 3.5 4.67 3.27 3.43 7.6 6.68 5.19 7.12 2.54 3.82 7.21 2.33 7.26 3.8 6.73 6.18 9.29 4.52 6.94 3.73 5.06 3.84 4.04 4.85 3.31 1.5 6.68 6.49 6.2 1.98 2.41 2.82 2.94 7.62 5.2 4.73 6.15 6.33 2.84 7.3 4.01 7.63 5.1 3.7 11.59 8.76 4.93 2.87 3.16 5.26 3.72 2.09 3.17 6.31 6.59
"60" 7.22 7.51 8.29 4.37 3.86 4.32 7.5 6.64 2.28 3.45 3.82 5.77 0.14 2.35 3.52 5.53 0.39 7.43 7.65 2.35 5.69 4.75 6.55 0.99 7.37 7.54 3.13 7.82 4.93 5.4 6.68 5.47 8.05 1.71 5.41 4.87 7.22 8.61 4.23 6.37 4.29 5.85 5.33 3.34 1.79 8.97 4.31 5.6 4.5 5.12 5.72 7.14 8.37 5.44 4.84 3 8.07 6.33 2.54 5.47 4.28 -0.41 4.86 3.22 6.09 6.31 -0.25 5.34 7.35 3.02 6.28 -0.88 6.44 8.35 2.28 4.99 6.04 5.56 7.08 3.04 6.13 1.66 4.33 7.41 7.43 5.19 5.47 6.62
"61" 6.39 5.86 5.37 5.82 4.7 6.16 5.92 4.33 3.67 2.98 8.17 5.2 6.41 6.39 6.87 2.95 6.11 0.39 3 8.4 5.32 4.86 1.76 6.89 6.06 5.8 6.09 3.42 6.5 6.61 6.34 6.77 7.67 5.42 4.94 5.53 6.2 8.01 4.1 3.75 2.25 3.49 4.01 5.4 5.83 4.24 4.69 3.39 3.23 3.76 4.49 0.08 8.24 3.41 5.14 5.84 3.9 2.95 3.93 8.71 7.89 5.77 6.52 5.76 3.07 6.24 3.81 2.39 5.28 4.52 9.51 6.65 6.64 2.67 6.16 8.14 7.38 4.28 6.37 7.06 6.29 3.44 2.1 5.22 4.67 4.3 5.44 4.03
"62" 6.25 3.6 1.91 6.2 3.03 5.37 4.57 4.25 7.5 4.37 4.26 4.1 5.76 7.23 3.57 5.7 5.72 -0.71 5.25 4.58 2.68 5.59 2.89 6.2 4.95 7.82 3.53 5.75 5.44 6.41 3.32 8.74 9.45 3.38 3.81 4.47 3.49 5.5 2.73 3.75 7.4 3.41 5.44 6.15 7.01 7.07 7.41 0.7 6.29 6.13 1.08 5.38 4.23 4.65 5.69 6.9 6.11 3.5 7.69 7.1 4.34 1.44 4.68 6.91 6.24 0.91 6.42 5.35 5.47 2.3 4.84 6.32 4.29 2.66 11.29 5.48 5.61 2.89 6.29 3.71 1.72 6.08 5.9 4.17 2.66 4.45 4.97 3.03
"63" 3.97 6.79 9.81 5.56 6.77 5.08 8.01 6.78 5.55 0.98 8.65 5.58 3.21 2.61 5.11 3.03 6.84 5.23 4.78 4.08 4.77 7.5 2.81 3.88 4.48 4.39 5.04 2.03 8.54 3.97 7.15 2.65 8.41 7.37 7.9 6.69 6.3 5 3.89 6.49 9.4 4.69 1.28 4.14 2.97 8.36 5.65 6.68 6.38 5.38 6.15 8.61 2.41 5.17 4.7 6.27 5.3 5.6 2.58 2 4.4 8.27 5.58 4.46 8.02 5.46 9.67 3.01 5.59 6.69 4.3 5.19 8.26 6.47 7.79 8.63 9.46 4.58 4.2 4.76 3.8 4.38 -1.31 5.4 4.01 4.1 0.94 4.17
"64" 7.22 7.25 0.37 8.6 3.85 5.52 5.64 6.14 5.11 6.84 6.4 4.68 5.21 1.05 3.82 3.51 5.97 2.07 8.56 1.86 7.03 5.68 2.61 -0.23 4.43 6.45 3.95 4.03 2.09 3.2 7.92 4.86 4.76 4.65 7.72 4.24 3.08 -0.05 4.66 3.94 9.75 6.51 9.1 6.41 5.52 6.62 1.6 3.44 4.91 9.28 1.96 4.21 2.69 5.94 8.27 2.95 3.65 6.7 5.05 5.31 5.18 7.23 3.4 7.07 5.12 8.81 7.53 6.83 7.09 5.9 0.95 3.9 3.81 4.59 3.26 4.18 7.62 8.81 3.69 8.05 5.61 7.17 4.19 7.66 6.99 5.07 6.49 5.75
"65" 3.69 5.33 3.13 2.91 4.18 6.16 6.54 6.26 6.63 6.39 3.98 4.54 6 4.83 5.92 6.23 5.59 4.59 9.07 3.61 6.45 3.98 1.34 3.65 2.06 5.88 4.61 2.15 5.14 5.52 5.87 7.55 7.72 6.52 5.43 8.01 7.04 0.73 6.19 5.23 4.08 4.41 5.59 6.17 7.79 5.15 8.59 7.45 3.65 4.96 1.41 5.83 1.14 3.74 2.7 1.47 1.74 2.24 8.05 3.95 6.92 5.29 2.48 4.57 2.77 3.98 5.77 4.74 5.51 5.98 0.84 3.28 5.93 3.55 4.89 6.9 6.43 5.28 8.5 6 0.62 4.89 2.38 6.37 3.51 3.99 2.63 7.1
"66" 0.94 7.43 6.54 2.64 8.78 6.41 4.42 7.07 3.22 2.76 4.88 7.61 7.58 5.17 3.88 7.98 2.56 5.25 6.99 5.51 3.31 4.09 4.97 1.78 5.88 3.33 2.44 3.95 6.17 4.89 3.9 8.36 4.63 5.9 7.72 5.32 5.19 1.23 5.83 3.4 5.71 5.85 6.77 3.97 3.95 4.86 3.92 4.71 5.31 3.36 2.74 5.49 3.68 3.46 5.48 5.07 4.5 4.7 8.27 2.91 4.87 4.67 6.48 7.16 -0.89 6.94 4.06 1.61 7.1 8.01 4.87 3.54 3.73 4.97 2.46 6.18 5.5 3.59 7.29 3.7 6.76 3.56 8.4 2.95 8.68 7.33 6.26 1.78
"67" 5.07 5.6 4.98 7.43 3.75 4.65 5.27 3.87 5.55 7.59 6.88 4.53 7.46 3.73 6.74 1.96 0.82 6.43 7.67 6.58 4.65 4.21 0.88 4.3 4.66 1.32 2.09 5.07 6 5.46 7.29 7.41 2.8 5.51 6.14 3.46 8.05 7.04 4.69 3.29 5.28 5.86 5.48 3.68 5.92 4.77 5.34 6.36 5.11 3.69 3.42 5.24 2.5 6.51 5.95 4.01 3.53 7.78 0.59 8.92 5.21 4.09 5.11 5.55 5.24 4.76 7.07 3.03 6.31 6.57 8.55 4.23 7.25 7.42 5.64 7 4.3 5.08 8.78 9.69 7.98 4.03 4.9 3.18 2.52 5.35 5.33 -0.92
"68" 1.93 5.38 6.9 5.78 5.56 3.3 2.34 7.62 7.22 3.36 4.88 4.89 4.61 8.01 1.48 7.22 4.31 3.94 5.97 5.47 4.09 4.42 6.04 3.7 10.9 5.89 6.36 0.82 6.54 6.26 3.54 5.54 6.98 5.94 3.49 7.01 6.72 5.57 6.74 3.64 7.42 4.81 4.85 6.9 4.59 7.48 8.26 3.98 3.54 5.45 4.75 5.32 6.55 3.58 7.07 5.55 5.56 4.25 5.38 5.4 7.6 4.79 6.32 7.45 7.22 5.93 6.92 5.55 6.29 4.58 4.6 4.98 3.91 5.7 3.01 9.25 -0.37 7.26 4 5.8 6.57 4.82 3 6.98 4.59 6.99 3.37 6.36
"69" 8.78 5.82 5.17 2.26 4.88 6.71 7.33 6.32 4.36 5.43 2.06 4.99 7.62 3.67 6.83 2.89 6.91 4.13 2.94 8.03 4.41 5.76 4.12 8.53 1.03 5.09 8.29 5.03 6.28 6.34 7.68 3.15 6.15 3.37 6.23 1.93 5.61 6.99 1.46 3.8 3.92 4.5 4.98 5.88 0.96 8.88 3.04 4.62 1.64 1.5 4.37 5.51 5.59 3.97 3.34 6.86 6.03 7.56 4.52 6.07 3.43 2.81 7.91 2.31 4.7 7.36 2.87 7.67 7.7 3.54 2.71 3.6 5.59 7.43 8.17 3.13 6.54 3.63 6.76 6.42 8.45 8.68 1.35 5.86 5.53 4.76 1.97 7.86
"70" 6.86 6.06 3.29 3.26 4.06 6.07 9.78 4.92 6.17 5.38 5.58 6.6 6.4 0.33 5.76 6.48 7.85 2.78 3.98 6.52 3.39 7.91 4.17 3.89 8.36 2.68 2.16 5.8 7.07 5.74 6.13 6.84 6.07 2.4 7.65 6.26 4.28 5.5 6.42 4.11 4.67 5.63 6.37 6.02 7.76 5.29 9.87 4.6 5.7 7.81 5.6 3.45 4.92 2.06 3.36 6.67 5.1 1.64 8.52 5.78 1.1 3.81 5.41 5.68 3.67 5.39 5.44 1.01 1.62 -0.63 5.93 8.99 6.06 4.59 2.66 6.79 3.94 2.64 5.76 6.42 6.3 5.08 6.75 6.27 6.28 4.48 4.06 5.02
"71" 7.07 2.62 4.64 -0.92 5.9 3.97 3.92 5.1 8.48 8.59 8.4 4.86 3.02 4.39 5 -0.37 4.4 5.35 6.01 6.92 6.93 3.66 5.74 2.05 4.42 3.31 5.94 3.58 0.8 4.1 5.81 6.02 5.86 2.62 6.15 7.87 1.8 5.16 3.8 6.21 7.41 5.13 6.07 5.69 5.4 5.73 3.6 2.58 6.64 3.14 7.15 3.57 3.24 4.82 5.45 7.06 5.03 1.97 2.7 4.65 6.86 3.81 6.56 4.91 2.89 7.32 5.87 7.64 -1.01 5.01 5.32 5.89 2.37 8.08 6.94 5.15 8.5 9.88 4.27 6.72 6.81 4.89 3.39 5.1 3.87 3.73 6.27 2.13
"72" 6.17 6.61 6.42 8.41 4.88 4.43 5.71 8.61 3.81 4.05 4.16 4.16 5.26 3.12 5.83 3.91 6.82 0.34 3.8 4.96 1.56 4.29 8.81 3.12 7.37 9 5.72 4.88 6.19 6.87 2.4 2.05 7.96 6.57 1.6 4.41 2.09 6.14 1.99 4.8 9.67 3.81 4.07 6.34 2.8 6.21 4.33 4.09 7.21 3.84 1.69 6.84 5.31 3.5 5.15 8.52 7.68 4.74 2.1 5.49 5.73 4.62 3.68 2.81 6.42 3.91 3.39 3.76 0.96 3.08 2.86 3.14 0.13 6.38 5.26 3.66 5.15 4.76 4.48 8.65 4.52 4.62 2.93 3.45 4.17 2.84 7.08 5.11
"73" 4.13 3.54 6.29 5.11 4.75 4.3 3.29 4.14 4.34 5.53 6.46 7.48 6.2 5.81 5.68 0.64 0.75 3.45 6.76 3.39 4.02 3.45 7.09 5.29 3.64 5.61 6.15 6.34 2.99 0.51 6.11 4.18 5.08 7.67 3.24 8.13 5.58 4.04 5.05 3.2 5.68 8.97 3.89 8.31 8.39 9.05 5.43 2.53 3.61 8.04 9.31 5.29 6.4 2.53 4.88 1.34 4.07 2.59 7.62 5.66 5.63 5.84 4.08 3.69 7.21 5.87 3.79 5.19 6.77 6.07 6.9 6.07 3.77 6.26 6.48 4.79 5.33 8.39 5.97 2.79 6.94 6.47 5.87 4.53 5.91 3.29 4.91 6.75
"74" 4.4 6.23 5.07 6.76 7.23 2.96 5.48 6.05 5.36 4.77 6.2 3.16 6.29 2.58 6.15 4.77 6.5 6.9 3.93 3.85 4.02 8.45 3.31 4.88 7.16 7.24 8.27 6.84 8.01 5.43 2.86 5.93 7.53 1.01 2.25 5.3 3.53 7.6 3.91 3.85 9.38 3.91 5.15 6.87 2.31 3.3 8.43 7.89 8.38 5.6 6.78 5.97 6.29 2.32 1.57 4.38 1.67 7.33 5.68 4.01 8.48 6.85 7.89 5.12 3.25 6.83 5.21 5.55 4.94 7.24 6.53 3.87 4.19 7.44 4.76 6.91 6.5 6.31 6.27 5.78 6.7 6.13 4.94 5.82 3.7 5.58 1.01 7.92
"75" 3.21 5.89 4.34 3.01 5.46 5.29 6.14 7.28 3.57 3.94 8.25 8.5 3.08 4.97 5.07 6.58 4.2 5.43 4.7 5.74 2.91 1.76 2.22 4.61 1.19 7.81 5.96 1.71 2.72 4.41 2.42 4.06 6.19 4.76 1.37 5.62 4.45 6.22 6.22 3.57 7.04 7.54 3.12 6 6.74 8.56 6.72 4.53 7.96 5.56 5.31 5.52 4.79 6.53 5.21 4.27 1.32 3.59 3.51 3.35 8.19 8 5.23 7.64 4.14 5.87 4.84 6.25 8 6.23 6.38 9.46 4.52 2.57 6.37 8.64 8.05 3.51 4.82 8.62 8.13 3.56 6.11 6.93 1.57 5.26 1.84 8.9
"76" 7.4 3.38 4.46 5.37 7.48 2.75 7.38 5.36 5.41 7.71 6.97 9.25 5.83 4.31 2.45 6.39 0.78 3.72 4.04 7.85 5.96 8.75 8.05 5.78 3.88 3.78 3.92 6.04 3.84 6.94 4.49 7.1 4.99 1.68 5.75 4.59 4.86 6.18 8.64 1.91 1.93 8.96 2.18 7.5 6.68 8.9 5.72 4.05 3.89 5.31 3.87 2.35 6.61 7.69 4.51 6.43 3.56 3 8.98 5.43 6.19 4.69 6.04 5.49 4.13 6.07 4.21 6 5.29 6.68 1.47 2.38 2.3 5.09 8.45 7.9 3.9 5.44 6.16 5.65 3.76 6.45 4.24 5.97 4.75 7.61 6.59 3.18
"77" 5.28 5.57 4.78 7.86 6.63 0.9 5.75 3.47 4.98 5.98 7.79 4.92 8.16 5.38 3.65 5.03 8.16 3.65 2.95 3.84 5.2 4.79 3.25 6.81 8.63 3.11 4.88 3.36 2.73 3.46 5.14 5.64 4.98 7 3.94 6.66 1.68 5.7 4.87 3.79 3.17 4.09 8.59 3.79 7.72 7.09 7.75 8.74 5.25 6.09 5.74 0.3 4.71 1.67 3.85 5.44 6.63 7.09 7.22 10.66 3.21 2.51 3.33 9.68 4.61 6.96 7.07 3.89 4.88 2.51 3.4 3.66 5.36 7.84 7.02 6 4.77 2.99 4.61 7.44 5.74 2.4 1.8 4.11 4.9 5.04 1.76 4.86
"78" 6.3 1.83 7.01 5.67 2.41 2.34 4.07 -0.01 4.14 6.59 6.16 3.72 4.72 4.86 6.94 3.56 5.62 6.56 1.74 3.96 4.85 0.23 5.01 1.09 4.73 4.52 7.35 7.89 7.78 4.5 4.54 4.18 9.02 8.46 4.63 8.17 2.41 3.25 4.65 4.68 2.45 7.96 3.85 3.16 2.89 5.02 6.28 7.15 6.05 4.45 6.93 5.85 8.24 7.28 2.9 5.67 2.58 7.17 4.19 4.52 9.15 6 1.74 4.97 5.63 2.21 3.12 4.98 3.42 5.68 4.76 6.93 5.16 5.46 2.02 7.87 4.17 3.31 9.15 6.33 4.86 0.64 7.4 6.73 6.15 7.36 4.26 4.79
"79" 3.84 1.75 2.54 3.59 4.24 3.95 4.75 5.89 4.55 4.89 6.35 5.45 7.65 5.44 7.23 4.81 3.23 4.53 3.53 7.01 8.24 4.31 6.87 4.08 4.07 5.67 5.3 5.56 5.6 8.2 4.47 5.35 1.85 4.55 5.37 0.02 4.44 3.35 3.38 5.03 5.25 4.22 5.43 4.8 3.22 5.69 2.22 4.66 4.6 4.17 4.82 4.84 5.28 1.31 3.86 3.49 8.19 6.79 3.33 3.17 5.48 4.69 6.46 5.03 1.97 4.9 3.99 7.04 3.35 7.02 7.75 3.5 5.69 6.39 4.8 4.82 8.41 2 5.97 2.54 3.38 4.72 5.66 0.88 4.82 6.69 5.27 5.76
"80" 1.42 3.84 4.83 4.62 2.66 3.39 1.48 6.88 3.92 1.14 0.11 3.56 4.32 6.79 6.37 5.7 4.06 3.35 7.25 5.7 3.03 5.6 5.51 3.09 5.23 4.85 7.91 1.78 7.38 5.14 4.75 8.55 10.2 5.4 6.23 4.05 0.25 6.34 6.43 3.38 5.49 8.16 4.95 4.14 4.74 5.59 4.72 4.81 4.31 4.79 6.05 3.99 7.37 3.8 3.8 2.99 7.27 4.07 5.98 5.58 3.84 5.4 2.23 5.25 5.48 3.59 6.74 3.44 1 3.67 5.42 2.89 7.23 5.24 5.97 4.1 5.3 4.33 4.91 1.95 5.85 5.34 6.44 5.12 7.3 4.35 6.33 4.69
"81" 6.22 4.78 2.89 4.67 4.05 6.42 4.95 5.79 6.8 3.16 5.94 7.28 3.7 6.66 6.13 7.1 4.6 3.77 4.57 4.43 6.2 6.27 4.37 -0.71 1.73 6.77 8.71 3.32 2.45 7.11 7.73 2.95 5.69 2.25 6.33 8.26 4.05 3.07 -1.34 1.65 1.46 6.26 4.13 3.48 4.17 6.28 -0.52 5.1 5.95 8.3 5.93 3.43 4.2 3.68 4.43 5.85 1.81 8.45 6.12 3.16 1.05 2.75 5.44 2.75 5.75 3.19 2.67 3.57 4.63 6.29 4.65 6.51 4.78 7.28 8.87 8.23 4.97 3.21 8.49 8.21 2.29 5.17 7.01 7.57 3.37 5.94 6.32 5.52
"82" 5.24 6.68 0.88 6.25 4.28 4.72 5.16 6.41 6.11 4.85 4.67 -0.51 6.74 4.6 4.79 5.69 4.05 4.76 6.6 -0.2 6.45 7.96 2.87 6.59 5.35 4.47 5.51 8.71 2.44 6.34 4.92 4.96 3.4 5.1 5.01 3.39 3.59 3.08 7.13 1.35 0.49 6.55 0.17 4.06 4.76 6.13 6.02 4.38 7.24 1.71 6.74 7.77 6.25 0.07 4.83 4.7 3.67 4.39 9.15 2.96 4.99 5.55 6.97 3.41 4.47 9.18 4.41 7.68 6.56 6.01 5.87 5.16 -0.1 4.98 4.97 3.93 5.25 7.16 4.2 5.87 6.65 3.42 8.25 4.11 4.21 1.41 5.97 5.12
"83" 10.16 1.94 4.49 4.08 1.44 2.53 7.27 6.51 5.04 4.99 6.77 3.21 6.39 3 -0.17 7.49 3.31 3.89 4.07 5.27 4.96 4.59 5.91 2.65 3.38 6.51 5.5 2.08 4.72 5.45 3.83 4.39 4.64 6.28 2.2 4.74 3.05 3.45 1.27 3.95 3.73 4.42 6.35 1.58 2.02 2.08 3.57 5.47 1.54 5.03 5.31 6.39 2.57 6.01 4.26 3.45 6.48 6.93 7.17 7.93 4.2 4.25 5 3.63 6.57 6.39 10.07 4.44 3.97 1.72 3.22 1.06 3.33 2.01 6.7 4.51 4.87 6 2.66 2.37 6.82 2.55 7.17 3.59 5.37 6.95 0.94 3.2
"84" 2.9 7.01 5.94 7.98 4.3 5.45 7.48 3.05 6.94 2.85 4.26 2.16 5.32 2.35 5.83 5.57 5.79 4.93 2.52 2.47 4.18 9.32 7.19 11.86 4.92 1.85 7.81 5.14 5.48 3.89 8.11 4.27 9.98 2.02 8.99 3.81 5.55 6.67 2.39 5.95 5.36 5.8 4.72 2.85 4.01 3.27 4.73 4 4.42 9.98 1.64 2.37 7.54 4.45 4.19 4.33 4.09 4.19 5.81 2.53 -1.54 7.82 5.63 4.35 8.85 4.09 5.11 6.63 0.17 3.92 2.31 2.71 4.5 2.86 6.25 6.27 8.6 6.43 8.92 3.64 4.84 -0.06 4.75 3.62 5.72 5.21 2.75 4.85
"85" 4 5.81 2.07 6.88 6.61 6.47 5.01 4.74 4.18 5.4 5.6 6.61 3.23 1.24 4.77 6.18 6.38 7 8.52 7.6 6.05 5.87 5.41 5.56 5.29 7.29 5.46 6.33 5.81 5.21 2.68 3.25 4.13 5.95 2.84 5.17 5.57 4.35 3.53 6.24 2.38 4.81 4.6 2.77 5.32 3.7 3.17 8.61 5.81 8.9 7.84 5.12 2.81 3.94 1.29 5.97 8.7 3.16 4.43 6.19 5.38 3.47 9.03 7.92 2.79 8.37 2.68 2.91 2.14 4.79 6.28 8.12 4.89 4.45 3.59 6.54 4.01 5.38 3.64 7.64 3.73 3.92 4.78 4.65 3.9 2.16 10.35 9.85
"86" 1.16 4.45 4.51 6.66 1.06 1.14 4.32 3.33 7.35 4.47 6.56 3.95 2.42 7.21 3.76 3.54 3.24 3.14 5.24 5.77 6.51 2.52 4.91 4.15 7.59 5.72 5.2 5.54 9.35 6.06 4.55 5.95 8.64 7.93 4.66 3.27 4.47 4.57 5.93 4.06 5.7 4.97 4.14 4.37 5.97 5.73 3.1 2.08 5.21 5.3 3.87 5.41 2.4 5.41 4.87 4.98 3.71 3.52 7.19 9.19 5.59 4.52 10.35 4.3 4.08 5.93 4.84 4.55 2.65 3.8 4.23 3.67 4.22 5.53 5.34 6.09 6.81 3.07 5.26 5.24 10.56 6.44 10.09 -0.19 5.33 4.13 3.65 6.96
"87" 7.7 5.39 5.23 -0.05 4.47 0.88 4.1 1.72 5.43 1.57 2.59 8.11 4 8.07 7.97 4.49 3.02 2.85 4.8 6.87 4.53 4.03 1.92 3.33 2.58 6.13 5.88 3.28 1.95 3.97 4.98 3.73 3.17 3.93 2.76 7.88 4.99 2.6 4.84 6.01 3.74 1.95 4.86 8.33 5.68 4.75 5.03 2.38 5.65 6.97 6.77 6.38 3.9 3.64 3.48 4.24 6.07 2.75 2.97 4.02 8.58 5.64 6.01 5.51 4.69 5.94 5.33 4.23 6.78 4.09 4.37 7.69 6.61 5.14 4.12 2.64 9.7 3.06 7.02 6.85 5.94 4.19 5.44 5.09 1.13 2.17 9.4 2.93
"88" 7.45 7.1 5.78 2.66 6.59 3.96 5.26 5.23 8.81 5.84 7.31 2.1 2.39 3.44 3.76 0.63 4.15 0.62 9.17 4.63 6.91 2.89 5.56 8.21 1.83 3.05 2.87 3.71 3.08 4.52 4.47 4.74 4.47 2.46 4.88 8.53 6.58 8.38 6.39 1.53 8.02 8.03 5.92 6.25 5.8 1.35 4.39 4.38 3.04 8.63 6.75 4.54 6.14 6.71 6.6 0.42 5.29 3.74 6.06 4.12 3 4.1 1.48 6.88 5.79 5.1 5.57 6.31 4.37 8.68 5.96 4.57 4.81 3.39 7.1 3.62 11.12 7.41 3.15 4.69 3.91 7.92 6.72 7.96 3.39 2.13 5.68 2.77
"89" 10.2 1.81 5.57 2.38 5.28 4.62 7 1.67 4.41 6.71 3.86 6.53 2.61 3.5 5.3 4.85 5.34 1.21 5.61 1.42 5 4.92 2.35 5.81 4.68 4.74 1.95 4 3.9 5.4 7.43 3.03 6.7 2.88 8.45 5.67 3.19 4.89 7.4 5.56 7.59 7.47 2.99 9.35 5.08 6.56 2.51 3.41 4.46 3.71 6.45 4.25 5.03 5.3 5.91 2.07 0.22 7.17 7.2 3.21 6.75 8.2 2.1 9.99 3.85 5.33 5.87 7.58 4.55 9.74 7.75 4.97 6.17 1.29 6.25 7.05 2.79 6.15 7.34 3.99 7.44 4.15 6.2 2.73 8.93 2.31 4.79 6.73
"90" 1.39 4.66 8.91 5.53 4.69 1.37 5.82 2.22 7.58 4.84 5.11 6.39 8.3 9.15 3.72 4.28 2.11 6.51 4.06 5.75 0.08 4.98 5.42 5.34 5.06 3.77 3.23 5.5 5.75 4.73 6.94 3.41 4.37 6.11 9.18 7.89 3.63 2.89 4.62 3.01 5.94 8.09 7.75 7.41 8.57 5.67 3.42 4.92 10.83 3.73 5.47 1.99 6.9 4.08 3.44 3.56 6.62 6.98 3.68 4.72 1.91 9.81 4.19 1.79 1.89 6.61 4.63 4.64 8.69 5.53 6.92 2.46 5.68 9.09 2.72 4.26 6.37 5.43 5.75 4.28 5.38 6.99 8.28 5.74 6.01 10.64 4.63 4.48
