"V1" "V2" "V3" "V4" "V5" "V6" "V7" "V8" "V9" "V10" "V11" "V12" "V13" "V14" "V15" "V16" "V17" "V18" "V19" "V20" "V21" "V22" "V23" "V24" "V25" "V26" "V27" "V28" "V29" "V30" "V31" "V32" "V33" "V34" "V35" "V36" "V37" "V38" "V39" "V40" "V41" "V42" "V43" "V44" "V45" "V46" "V47" "V48" "V49" "V50" "V51" "V52" "V53" "V54" "V55" "V56" "V57" "V58" "V59" "V60" "V61" "V62" "V63" "V64" "V65" "V66" "V67" "V68" "V69" "V70" "V71" "V72" "V73" "V74" "V75" "V76" "V77" "V78" "V79" "V80" "V81"
"1" 4.89 4.38 1.76 2.45 4.99 3.99 2.69 7.74 4.8 6.07 5.41 5.9 3.37 5.44 6.21 6.03 1.77 4.22 2.84 6.22 3.35 2.39 8.56 4.14 0.76 3.92 1.44 7.79 5.71 4.73 5.26 4.78 4.2 8.46 6.02 3.87 1.9 4.7 4.04 6 3.18 3.42 5.46 4.38 0.25 4.07 5.76 2.83 5.94 2.64 5.26 2.43 4.24 1.6 5.88 2.96 4.14 4.36 5.47 4.02 8.48 4.58 4.82 3.58 7.47 2.74 7.61 7 3.68 6.32 4.56 7.87 6.14 4.74 8.45 4.41 8.22 5.99 3.99 10.62 4.36
"2" 4.66 8.5 0.81 8.26 6.28 4.46 5.89 4.36 5.16 6.88 2.55 5.67 5.44 0.44 5.23 5.28 3.88 6.42 5.31 2.99 1.23 4.39 3.23 1.56 2.47 5.51 4.81 3.33 6.18 8.11 2.79 5.56 7.15 3.47 3.86 5.11 4.14 3.68 4.74 8.26 7.69 6.58 2.08 4.45 4.71 5.05 5.03 5.62 6.64 4.57 3.83 4.38 5.73 2.16 2.14 4.82 5.44 4.4 5.11 4.34 5.3 4.63 2.94 4.41 -0.18 3.71 7.16 5.85 7.63 8.03 4.17 2.96 6.26 4.35 5.57 5.31 1.04 3 7.9 4.48 6.46
"3" 5.05 5.52 3.81 6.87 7.26 4.02 6.6 5.15 9.81 4.43 5.36 9.04 7.44 6.33 0.98 6.83 5.94 4.14 2.69 4.93 6.53 8.88 4.64 3.46 2.68 6.64 3.52 4.6 4.64 2.52 4.91 3.35 0.58 4.72 4.94 3.11 8.93 4.63 7.22 3.11 5.25 3.66 2.63 2.54 5.24 7.43 8.62 6.45 3.42 2.32 6.88 1.69 6.06 8.02 5.79 4.23 6.58 1.28 3.77 5.46 6.32 3.89 3.55 2.7 4.57 4.72 5.44 3.14 5.77 6.95 7.09 3.58 4.28 4.23 3.28 6.53 6.5 6.16 4.92 5.24 4.1
"4" 5.51 7.19 6.32 5.63 9.78 6.42 2.6 5.42 3.96 5.03 5.99 4.48 0.93 3.18 6.45 4.51 6.22 3.36 5.59 5.07 4.58 4.67 5.08 6.15 3.27 3.26 2.31 3.35 7.48 5 5.77 3.9 5.37 5.86 4.54 5.87 3.88 4.9 5.36 5.99 3.86 3.7 5.56 8.68 3.92 3.7 7.22 3.02 5.07 3.12 5.34 2.03 2.36 5.46 6.41 5.28 5.02 3.23 6.49 4.84 2.74 3.17 2.92 2.28 4.02 7.42 4.16 5.58 1.04 3.7 5.74 6.16 5.26 5.77 5.34 6.35 5.7 1.3 4.14 6.22 5.38
"5" 4.8 5.23 1.37 5.39 3.45 4.52 2.53 6.28 7.21 7.61 5.29 2.2 3.94 5.25 8.33 8.98 2.88 2.18 7.21 6.11 2.85 6.94 3.96 5.94 5.72 4.53 6.45 4.16 2.94 2.64 4.97 1.08 1.73 3.6 6.32 4.71 7.99 2.73 4.34 4.92 3.78 0.91 4.98 4.99 3.26 4.18 5.66 1.87 4.56 4.13 1.38 8.41 1.37 7.46 3.95 3.56 5.39 2.32 5.78 3.96 3.89 5.21 3.36 6.49 4.1 -0.3 3.59 8.72 2.96 3.6 2.09 6.46 6.19 5.01 3.98 4.01 2.39 4.09 3.11 -0.08 4.85
"6" 6.08 5.45 8.6 5.31 5.23 5.2 2.85 4.47 6.06 0.97 6.98 7 2.41 6.63 5.22 4.64 4.53 7.3 6.94 4.84 3.81 5.36 7.06 6.14 4.99 6.97 6.1 4.05 5.1 2.56 5.84 1.36 3.72 7.42 7.19 5.72 7.17 4.65 8.24 4.3 3.62 5.24 5.29 4.42 6.42 4.56 4.21 5.95 8.53 7.14 1.82 3.36 7.16 6.86 3.23 3.52 3.28 4.3 4.05 6.38 5.49 2.5 5.45 3.96 1.75 5.77 6.7 8.22 2.76 3.06 7.42 1.36 6.1 9.3 3.47 2.68 1.84 6.28 5.89 6.49 3.49
"7" 2.27 9.73 7.39 2.75 3.8 3.87 6.54 4.24 2 7.55 6.5 5.88 6.92 6.24 6.91 3.62 3.46 7.64 5.88 3.88 3.39 8.45 2.31 7.56 4.81 4.99 3.62 1.3 6.39 4.94 7.68 6.31 8.73 6.97 7.54 2.01 2.63 6.35 6.69 10.14 7.47 4.41 5.14 7.81 6.57 8.27 3.44 3.18 2.66 6.13 4.37 9.15 4.31 7.52 5.61 7.02 4.57 5.28 2.98 4.46 2.78 2.63 2.67 5.68 4.15 5.91 4.18 5.07 4.96 6.24 4.41 3.53 6.73 2.29 6.17 5.55 1.15 4.43 3.43 3.27 6.28
"8" 5.09 4.47 10.06 6.81 5.78 6.43 4.25 4.14 5.02 4.3 4.69 0.71 3.78 5.09 0.37 5.92 5.46 5.25 3.75 1.66 3.14 4.69 4.06 3.31 2.39 2.96 7.2 3 3.91 5.07 6.51 7.8 4.57 5.64 6.06 1.79 6.18 2.5 6.71 4.8 3.88 3.03 4.46 2.81 5.24 5.94 2.86 4.46 3.78 5.44 6.48 8.57 3.91 4.46 5.25 6.03 5.11 5.71 6.93 9.23 3.71 6.61 6.75 7.8 3.79 7.06 3.53 3.84 2.22 4.41 3.95 1.9 5.91 4.7 4.95 3.49 4.13 4.36 4.17 6.8 5.44
"9" 2.74 8.92 1.27 2.86 4.15 4.37 8.31 2.73 6.15 4.31 7.5 6.33 6.51 4.21 7.85 5.94 5.01 5.08 5.38 8.68 2.86 9.12 5.1 4.92 5.35 4.71 8.61 6.51 5.93 4.18 5.17 5.4 5.45 2.86 8.67 6.47 5.96 4.71 4.67 0.4 7.47 7.41 5.84 7.67 5.66 4.79 4.54 1.06 6.07 3.44 3.9 0.81 3.36 4.21 6.03 7.12 5.34 6.39 3.39 3.84 5.26 5.77 9.72 10.27 3.72 3.29 3.52 3.24 6.13 7.32 5.25 7.74 4.22 3.09 4.14 7.01 2.54 6.56 2.02 5.21 5.13
"10" 4.01 3.85 3.83 4.21 7.6 4.96 4.57 4.71 6.76 7.88 3.73 3.37 4.08 7.84 6.66 5.86 5.07 4.15 3.48 6.7 9.26 5.13 0.02 1.79 5.39 9.26 2.42 3.55 2.35 7.48 3.86 5.09 4.49 11.79 3.67 6.57 5.29 3.13 2.98 2.13 3.96 4.55 6.07 6.48 4.19 5.13 4.14 4.13 4.96 5.2 6.52 5.04 5.92 5.01 5.81 4.37 3.04 4.9 5.03 5.98 5.97 3.58 8.77 5.34 4.78 1.75 4.09 5.55 8.26 7.53 -0.01 5.74 9.07 5.22 6.86 3.16 5.26 2.58 4.99 7.14 6.73
"11" 4.53 6.28 2.58 7.81 6.1 6.13 5.4 6.63 4.74 6.67 5.61 5.11 3.39 6.58 7.52 5.38 5.08 3.95 6.01 2.69 6.96 4.29 5.19 6.01 7.32 7.85 4.98 6.33 6.62 3.97 5.14 3.93 2.62 6.37 5.64 4.31 3.74 6.08 2.8 7.03 6.86 5.34 2.76 1.98 5.33 5.63 2.76 7.91 2.54 4.74 7.64 5.6 5.33 7.65 4.1 2.81 6.7 4.95 6.15 6.02 7.75 4.61 6.35 6.65 4.86 4.19 2.48 6.79 5.4 5.77 4.49 4.12 3.89 4.04 6.05 5.1 4.48 4.69 -0.58 6.36 1.64
"12" 3.07 6.22 7.53 3.61 3.29 8.93 4.3 5.51 4.48 2.97 3.9 5.42 2.43 5.48 2.38 6.6 5.51 3.63 4.62 4.94 3.34 6.71 3.43 3.83 4.11 5.05 6.52 4.99 6.34 5.61 2.09 7.53 6.06 2.39 8.67 2.21 6.03 6.96 5.08 7.53 10.09 3.51 2.94 3.8 6.54 6.15 3.76 5.6 6.35 6.2 7.67 5.98 6.28 8.14 4.9 5.55 6.11 7.42 9.88 6.81 6.25 2.79 5.45 4.17 1.72 4.56 5.48 5.04 3.88 6.25 4.83 5.33 5.84 4.04 4.61 7.64 3.53 1.14 7.56 7.52 5.63
"13" 7.49 3.27 4.99 4.08 3.86 7.15 5.42 4.25 3.43 2.83 6.15 6.45 5.99 4.34 7.47 2.41 3.61 5.59 3.48 0.97 6.35 3.81 1.76 4.78 6.3 8.3 5.87 7.59 3.95 6.82 4.81 5.41 5.08 3.67 7.33 8.39 7.08 2.45 4.49 2.9 5.61 5.23 4.15 3.36 5.88 3.52 6.55 6.55 1.64 4 5.26 5.73 6.4 4.94 2.61 3.44 2.93 2.26 4.85 -0.22 3.97 2.77 4.97 6.07 6.48 8.51 3.88 9.51 6.93 6.85 5.06 8.08 3.43 6.21 8.27 6.26 0.1 6.76 4.29 4.11 2.01
"14" 7.22 1.61 6.29 3.25 8.34 5.3 4.32 6.11 2.05 5.18 4.1 8.91 5.45 6.7 6.34 7.67 4.39 4.64 3.81 9.58 4.92 9.04 4.03 2.93 6.77 -0.19 8.91 4.41 3.84 4.4 5.05 7.57 1.82 3.29 6.97 5.54 3.93 6.79 5.32 2.07 2.97 6.05 5.11 1.55 7.66 4.2 6.08 7.2 3.55 6.17 5.83 5.76 3.46 2.83 4.71 5.1 2.43 3.56 5.79 5.08 6.17 6.66 2.95 7.93 7.82 3.55 4.64 5.34 6.99 3.69 5.14 2.09 2.86 8.41 6.2 7.27 5.5 6.05 4.59 2.09 3.5
"15" 6.35 7.6 3.17 3.97 10.1 4.86 5.29 1.93 5.54 3.39 3.87 4.99 4.98 4.34 1.97 10.33 5.01 3.13 3.18 6.67 2.9 3.24 5.35 4.32 3.13 5.77 4.44 3.02 5.82 6.57 7.03 6.81 0.83 2.53 3.75 5.23 4.75 7.22 2.62 6.1 5.45 7.8 3.72 5.54 3.74 3.66 5.54 3.92 7.45 3.65 1.75 4.1 5.35 4.79 9.77 8.14 2.39 5.44 8.06 1.89 4.64 2 3.88 1.89 8.34 4.38 3.67 9.45 3.73 8.62 6.7 5.22 3.64 6.49 3.86 6.71 6.75 7.09 8.97 2.24 4.08
"16" 5.04 5.84 1.59 2.52 1.2 4.4 2.73 6.08 3.79 6.74 6.17 4.97 3.99 5.92 4.53 4.48 5.11 2.04 4.44 7.16 6.91 4.03 3.99 2.98 4.5 5.32 5.93 3.36 6.53 5.91 1.32 7.13 5.26 4.26 4.86 4.31 2.82 4.25 4.42 7.05 1.61 5.26 5.03 4.84 6.7 4.2 4.43 5.07 5.29 4.81 4.32 4.65 5.48 6.86 3.8 8.4 5 6.88 5.27 6.43 5.8 3.59 4.27 7.04 0.65 5.27 6.73 2.65 5.63 5.03 9.82 1.19 5.35 4.13 6.41 6.26 4.66 5.71 9.04 5.11 2.57
"17" 4.04 5.3 3.23 6.04 4.14 3.65 6.12 6.42 6.62 5.3 4.34 6.21 8.48 4.39 4.9 7.29 5.86 2.73 3.17 1.82 2.87 2.33 5.87 10.66 5.72 4.66 3.88 3.13 5.79 3.02 0.46 5.7 5.72 8.34 5.14 7.14 4.03 2.25 7.55 5.58 7.59 3.51 4.39 3.15 1.35 6.9 3.35 3.89 5.55 3.67 5.65 3.07 2.49 5.85 4.45 4.62 2.97 4.78 7.07 1.05 7.64 4.69 5.02 3.89 4.81 5.17 4.88 7.91 2.74 2.96 4.42 -0.87 11.51 5.25 6.5 3.74 5.16 3.63 5.99 6.6 7.49
"18" 5.96 2.58 3.72 1.38 4.95 6.46 6.54 4.91 5.68 3.86 5.44 8.45 2.69 7.34 3.99 7.73 0.53 3.41 5.87 4.27 8.6 3.92 5 1.79 4.41 6.34 7.56 5.71 8.51 5.91 6.68 5.32 4.16 7.28 4.89 6.76 9.87 7.67 5.92 6.48 4.79 8.46 4.18 3 2.95 5.98 1.93 6.24 4.01 3.63 6.6 6.99 2.81 6.63 7.5 6.59 6.21 4.35 3.6 4.01 5.7 4.71 -0.32 7.46 5.16 6.1 6.08 7.1 6.03 6.29 4.93 1.23 -0.88 6.94 6.74 5.2 6.18 6.29 3.42 5.55 4.77
"19" 5.8 3.29 1.6 6.9 7.52 3.41 5.07 1.38 2.81 4.85 6.12 5.43 8.6 6.39 3.52 2.62 3.59 2.83 1.18 3.41 7 9.77 1.35 4.32 6.4 2.98 9.68 5.92 7.91 5.36 4.02 4.84 4.72 4.21 5.23 3.27 7.2 4.56 9.54 5.2 5.54 7.53 3.38 3.77 4.47 4.01 4.17 5.77 7.17 3.75 4.09 4.05 5.72 2.17 3.24 3.48 6.28 5.5 5 7.62 2.8 5.62 5.86 4.27 2.58 5.87 6.4 4.16 4.89 3.5 3.36 6.16 2.54 4.09 4.48 3.46 6.28 4.66 3.53 5.22 5.32
"20" 7.07 4.64 6.32 2.21 5.9 6.9 8.29 1.97 4.33 5.74 6.28 7.01 4.51 1.99 9.57 2.4 7.63 0.63 5.14 4.43 10.49 6.16 5.96 4.94 5.21 1.69 5.14 4.12 5.58 5.89 3.65 9.69 6.09 5.77 3.25 6.52 5.67 2.13 6.88 3.05 4.85 5.28 4.23 2.37 8.23 1.68 4.62 3.89 4.04 5.98 8.26 1.2 6.21 1.02 3.79 7.14 5.17 7.48 5.66 3.49 1.65 3.52 3.47 2.58 5 5.64 7.91 4.39 6.72 4.22 6.98 9.37 4.39 8.38 6.78 2.64 6.15 4.91 2.93 6.64 8.55
"21" 5.28 8.09 7.32 3.12 6 5.69 5.5 4.28 2.85 2.91 7.68 6.1 3.53 7.17 2.45 8.11 9.49 6.03 5.5 3.53 7.82 3.13 8.13 4.07 7.44 3.83 3.16 6.53 7.97 4.74 4.74 6.56 6.48 6.39 5.08 5.4 5.28 8.29 4.65 5.62 6.65 7.32 6.48 5.7 6.57 0.9 6.37 2.39 2.94 5.2 3.98 4.18 2.54 0.33 3.29 1.44 6.49 4.46 4.68 3.1 4.05 4.78 7.31 4.19 4.45 5.14 7.79 7.78 2.44 5.12 6.59 4.95 2.58 7.49 6.91 8.53 4.59 8.78 5.52 1.53 4.95
"22" 6.49 4.61 4.74 6.27 5.38 4.87 8.92 5.78 6.23 4.42 4.4 3.51 3.81 5.23 4.44 4.75 5.63 6.71 4.83 3.37 3.81 5.47 3.66 3.24 7.67 5.4 1.14 3.85 2.17 2.17 4.92 3.82 7.44 2.22 8.77 6.99 3.55 4 3.3 6.06 4.26 9.07 3.89 8.85 5.89 7.74 3.43 5.03 5.4 5.01 3.98 6.09 6.62 5.07 3.53 2.47 6 5.34 6.11 5.39 2.7 7.01 6.18 3.54 5.18 3.49 6.83 4.58 8.38 6.5 2.2 2.81 2.76 10 6.45 8.27 2.95 7.76 3.71 3.37 4.97
"23" 4.71 5.69 4.25 4.24 4.51 3.94 1.68 7.09 5.18 5.99 8.16 3.69 1.59 7.41 7.79 4.94 3.43 3.37 4.61 0.49 7.92 2.46 4.13 2.59 1.77 3.04 3.19 7.16 -0.22 5.68 6.39 2.27 3.47 3.75 6.32 4.57 4.46 5.29 2.99 4.77 7.98 8.23 5.29 3.07 5.59 4.93 1.2 8.92 6.48 5.68 5.62 4.59 4.25 7.03 7.62 5.86 5.76 3.48 2.98 2.84 1.95 3.92 4.35 3.02 5.03 4.84 3.16 3.05 2.91 6.61 7.23 3.23 4.45 6.41 6.06 5.35 6.77 4.54 7.45 6.92 3.31
"24" 4.25 6.03 6.62 6.01 3.91 5.71 5.65 3.58 6.57 5.44 5.47 5.23 5.14 8 6.2 4.26 5.48 7.19 4.84 5.76 5.4 -0.36 6.29 4.88 4.59 9.37 4.58 5.44 3.5 6.37 3.01 4.63 3.26 5.54 5.35 5.8 5.06 7.35 3.15 1.67 5.08 5.46 2.89 2.36 4.96 2.01 5.83 5.35 3.74 7.35 5.59 4.43 4.32 3.96 6.26 3.57 3.14 4.72 8.48 4.85 5.1 3.54 8.66 7.16 4.21 4.66 7.98 5.53 8.44 7.28 6.35 6.71 2.93 2.25 4.48 4.41 7.37 3.91 8.67 3.96 5.53
"25" 3.43 1.48 6.88 0.9 5.44 7.75 3.46 5.96 4.8 1.4 4.06 3.39 6.37 4.88 5.31 6.43 5.38 4.12 4.68 4.56 6.31 5.9 5.91 2 -0.86 10.11 9.48 4.81 2.59 5.26 5.97 4.21 4.87 4.07 2.48 5.92 5.66 8.62 1.42 6.19 3.95 3.42 2.64 4.41 5.95 6.29 3.6 1.91 5.99 6.27 4.28 4.66 6.38 4.01 2.76 8.43 6.43 5.95 6.49 4 7.61 1.49 7.55 3.42 6.13 2.15 6.62 3.27 4.25 5.51 4.97 5.75 2.96 6.44 4.49 5.68 5.06 5.31 6.66 4.86 4
"26" 3.91 5.63 6.12 5.16 7.42 3.3 7.03 3.6 4.08 5.47 5.17 7.7 6.46 6.58 7.53 2.37 4.01 5.21 5.46 7.04 9.34 4.99 3.7 8.2 5.76 4.61 6 5.96 4.54 5.38 9.33 5.62 6.84 8.91 3.61 3.63 4.42 5.27 6.56 0.86 2.75 3.26 4.69 6.37 6.41 5.3 4.21 4.29 3.37 4.7 5.91 3.89 2.19 6.24 4.63 3.38 2.45 2.59 3.45 6.7 7.05 5.71 6.43 5.61 7.62 1.37 5.14 5.13 3.69 4.59 6.84 5.71 6.53 4.21 6.14 5.72 3.94 8.93 4.47 4.49 3.57
"27" 4.93 8.55 5.87 4.64 6.44 4.1 8.52 3.22 6.86 5.44 2.11 7.3 7.21 4.48 3.8 3.57 6.27 6.99 7.86 7.98 5.66 7.25 2.63 0.42 6.2 5.15 6.39 4.87 4.91 6.33 4.08 2.02 7.39 4.13 3.97 2.62 4.73 6.47 3.08 3.5 5.38 5.65 2.21 5.94 4.47 2.72 7.39 7.68 5.62 3.59 3.79 4.49 5.81 3.56 10.08 5.13 4.58 4.52 3.15 4.77 5.8 3.87 4.02 5.82 3.72 6.02 4.44 5.8 5.78 4.26 6.78 6.38 2.28 2.18 7.35 7.82 10.51 6.35 4.19 4.31 6.27
"28" 3.61 6.15 5.81 6.06 5.96 3.9 6.33 2.63 6.04 7.26 2.64 2.57 3.28 2.2 3.36 2.36 5.06 4.08 5.43 4.79 5.38 5.58 6.71 4.78 9.21 2.84 3.95 6.15 2.03 4.14 4.96 3.09 6.81 6.74 6.88 0.58 2.85 2.51 9.38 5.01 10.29 5.35 3.8 3.31 7.72 9.58 7.79 7.38 6.01 4.92 7.08 4.28 6.26 3.95 4.58 4.52 6.7 2.74 6.42 3.46 7.82 6.64 4.01 4.21 3.26 6.56 6.08 8.57 6.77 5.83 2.4 9.71 5.07 5.48 8.78 8.21 1.81 4.34 6.1 4.88 5.51
"29" 4.78 5.78 7.74 5.55 3.43 0.96 -0.25 6.19 3.17 5.65 4.66 2.19 6.89 4.25 5.85 6.31 5.28 4.38 4.23 4.49 6.45 4.97 4.37 3.29 5 7.89 0.99 3.71 2.93 5.78 3.03 1.95 4.56 4.62 3.32 6.23 8.69 4.8 2.2 7.98 6.49 1.41 -0.54 3.47 5.02 7.59 5.31 5.06 5.53 6.54 7.09 2.89 9.01 6.02 7.53 4.72 5.94 8.39 3.54 4.56 7.34 7.26 6.25 5.63 5.03 4.83 3.48 9.77 1.6 3.37 4.3 6.3 5.04 4.07 2.61 7.01 7.35 6.67 6.66 5.89 3.74
"30" 8 3.48 1.72 2.79 6.94 6.98 6.22 2.22 5.23 8.05 4.32 5.12 4.2 4.86 8.32 2.94 3.14 6.46 3.38 5.58 5.99 0.16 7.73 8.26 5.85 2.91 1.87 6.82 4.29 7.82 4.83 6.03 2.65 9.38 3.19 7.29 4.67 3.46 7.36 4.21 5.17 3.49 3.52 8.22 5.68 6.2 6.18 7.9 3.27 3.32 3.51 8.05 7.98 3.37 5.73 5.07 6.01 3.38 6.92 5.85 2.54 2.45 3.14 7.64 5.7 8.03 6.92 3.51 8.79 5.11 3.83 3.79 4.36 3.48 4.67 3.79 5.2 5.01 2.26 7.66 7.78
"31" 5.03 3.38 2.91 4.12 4.97 2.04 7.59 5.21 8.03 5.78 5.82 4.32 4.71 4.7 4.86 1.7 6.69 4.02 2.97 5.55 3.96 6.86 6.35 5.23 5.78 6.5 9.98 3.96 6.68 0.69 5.52 7.56 5.9 8.18 8.87 7.5 4.48 5.72 2.25 5.99 6.05 0.06 7.1 2.57 5.42 3.71 7.37 2.46 7.02 5.23 7.31 6.69 6.19 3.26 2.28 6.18 5.7 5.12 4.21 4.1 4.54 7.77 1.94 5.06 6.46 3.93 3.45 1.7 5.02 6.36 2.74 5.44 7.69 2.26 4.46 4.66 4.49 5.62 2.02 2.77 2.48
"32" 5.64 4.9 5.43 8.58 7.87 6.34 7.6 4.2 4.24 7.31 4 6.56 2.62 5.24 5.14 3.52 4.57 2.37 6.37 1.37 5.25 2.48 7.79 7 6.4 6.42 5.83 3.63 5.92 2.85 5.13 8.37 6.53 6.87 5.12 4.97 5.98 2.03 7.21 5.56 5.74 5.13 0.68 3.96 5.33 4.71 3.54 4.48 5.52 5.66 3.49 4.25 8.78 1.91 4.18 4.32 4.92 6.45 1.4 8.03 7.26 4.63 4.71 4.75 7.6 4.87 8.12 6.69 5.46 2.1 7.43 4.38 7 6.57 5.49 5.14 3.8 4.35 4.41 4.54 5.43
"33" 6.85 4.9 7.27 3.76 4.34 5.03 3.13 4.32 10.17 4.4 8.17 4.29 6.06 7.8 2.72 5.45 3.77 7.75 7.27 6.82 6.66 5.72 5.73 6.03 6.16 3.71 4.53 6.02 4.15 4.5 7.72 2.3 5.6 3.36 5.72 0.64 2.27 5.29 4.14 4.9 5.1 5.32 6.47 1.26 7.32 4.4 1.91 5.11 5.99 3.43 2.55 5.55 8.39 5.11 2.63 4.15 1.76 3.72 4.26 7.79 5.48 5.82 2.89 3.61 5.96 6.53 3.75 2.02 -0.15 4.55 4.72 6.9 5.87 7.44 2.13 7.22 0.8 3.29 3.65 1.28 5.75
"34" 4.37 3.98 8.68 8.34 4.45 6.51 4.97 4.34 2.78 4.95 2.66 4.67 3.77 4.31 3.09 2.64 6.21 5.76 7.03 5.02 4.51 5.84 6.03 3.22 8.54 3.48 5.59 2.53 3.68 4.49 6.36 6.38 2.29 5.33 7.24 3.71 4 2.28 4.23 6.11 5.7 3.98 3.82 6.3 4.92 8.72 5.08 5.02 2.28 7.48 4.56 8.36 1.24 6.2 -0.06 5.74 5.84 1.21 3.14 6.75 0.69 3.6 5.08 4.33 3.96 6.03 5.3 8.53 3.95 5.18 0.45 5.23 3.69 5.31 2.64 3.68 4.95 2.11 4.18 4.41 2.67
"35" 2.89 3.96 2.77 6.95 4.81 6.3 3.46 -0.29 6.44 3.44 8.77 6.59 2.89 8.59 3.04 2.88 4.23 3.61 4.49 5.78 2.28 2.11 5.97 3.56 4.19 3.37 3.27 4.48 5.97 7.72 6.22 4.68 5.76 8.64 3.86 5.41 4.31 8.86 4.72 -1.33 2.16 9.26 3.21 4 1.82 5.35 2.65 8.28 1.64 7.01 5.86 6.15 5.01 7.91 6.64 7.02 3.43 5.89 6.43 7.67 5.6 6.25 4.69 2.08 4.97 3 2.76 5.05 4.64 2.07 2.86 3.8 3.99 5.61 4.98 3.73 3.78 3.5 4.71 7.78 5.64
"36" 6.24 3.63 5.68 1.56 7.11 3.05 2.09 5.22 6.17 6.03 3.13 9.63 1.73 3.54 4 7 -0.26 4.44 5.06 4.46 5.76 0.43 2.96 8.56 6.67 4.57 4.43 4.32 4.62 5.84 2.63 7 2.51 5.08 8.43 5.08 8.25 6.38 6.2 2.91 5.81 9.12 6.52 3.4 5.83 4.87 2.22 7.21 6.54 5.18 2.91 3.99 4.68 3.41 5.88 6.61 4.44 5.15 5.92 4.46 6.34 5.5 9.14 8.45 0.3 6.9 4.71 6.18 3.93 4.58 4.45 7.65 5.32 8.4 1.45 4.7 6.05 1.21 7.04 4.83 6.61
"37" 7.21 6.45 6.21 7.91 2.93 5.75 4.61 6.56 4.5 8.28 5.85 5.69 4.11 5.33 5.98 6.1 7.07 3.8 3.65 2.68 6.44 4.99 5.05 7.79 2.35 6.37 4.02 4.91 5.94 7.17 5.79 2.11 6.04 4.21 5.36 8.63 3.82 4.84 4.88 2.79 2.32 5.39 6.06 7.29 5.26 3.53 6.87 2.98 -0.91 6.39 6.28 2.93 5.71 5.39 6.62 8.19 5.02 3.16 3.45 3.63 4.06 4.95 4.56 3.78 8.08 9.51 6.72 4.39 7.37 8.77 1.34 3.43 6.68 1.55 7.52 7.31 6.89 0.36 6.1 4.97 4.94
"38" 4.53 8.86 4.89 3.22 6.55 4.05 4.56 4.72 6.79 6.28 5.3 0.05 0.34 1.73 4.24 3.75 4.97 3 3 2.13 3.66 6.05 3.09 4.62 4.88 0.83 5.38 3.32 3.92 2.24 5.67 6.94 3.61 9.7 1.35 7.85 2.45 6.69 6.91 3.85 3.46 5.07 2.91 4.52 4.15 4.36 4.18 6.97 7.16 5.64 6.46 5.62 4.4 0.84 0.26 3.27 6.84 3.36 7.4 9 6.69 5.81 8.71 7.87 3.22 4.76 5.22 3.66 4.72 7.59 4.04 5.58 4.04 5.9 4.44 1.72 4.82 3.39 3.6 0.81 4.06
"39" 2.1 5.78 5.39 3.2 3.32 3.99 5.85 6.59 3.33 5.39 5.95 5.9 2.45 9.93 5.7 4.95 3.12 1.8 4.63 5.46 2.44 5.88 3.16 3.25 3.64 2.55 3.75 5.2 6.4 6.12 3.82 8.85 5.62 3.95 5.7 5.1 2.01 6.46 8.98 2.68 2.4 3.73 2.92 11.02 4.31 4.17 4.67 3.42 2.43 3.14 3.22 6.52 3.98 2.29 6.67 4.04 7.22 4.27 4.82 3.18 3.94 7.31 3.59 6.22 5.69 8.3 3.86 7.04 -0.88 4.14 3.6 5.03 5.05 8.56 4.42 3.05 4.36 2.04 7.25 3.96 4.88
"40" 3.13 3.37 9.96 7.3 2.27 5.35 3.43 6 6.97 5.16 10.17 6.01 5.53 6.64 4.82 1.47 7.99 6.2 6.72 4.42 4.64 6.49 4.95 4.38 5.18 8.72 4 4.15 1.25 4.56 3.13 3.84 4.22 6.34 4.52 3.65 5.89 2.35 1.95 8.78 1.3 7.23 7.97 4.44 7.64 2.48 7.07 3.58 2.97 8.14 7.29 6.16 4.73 3.99 4.02 1.11 4.71 6.39 1.86 6 3.79 3.22 2.56 0.45 6.47 5.56 7.81 2.4 8.12 3.67 3.07 6.7 5.52 6.6 3 6.03 4.1 4.4 5.36 3.47 6
"41" 7.05 4.59 0.82 5.86 6.74 3.77 1.33 5.6 6.82 5.93 9.03 7.83 5.49 5.82 5.51 8.6 4.56 4.62 1.9 3.67 4.83 6.88 2 4.32 2.12 3.32 4.68 6.95 1.95 5.3 5.05 5.27 7.21 9.04 7.25 5.42 7.55 2.19 2.26 3.16 3.66 5.26 5.87 4.17 5.85 4.62 0.56 4.32 6.87 5.98 0.33 4.63 4.33 8.04 1.94 5.91 2.05 1.17 9.56 5.16 6.66 5.48 1.49 4.21 6.64 4.81 3.87 5 8.81 4.46 4.1 6.49 6.1 3.87 6.53 6.76 6.88 1.76 6.65 4.5 5.14
"42" 6.19 6.26 4.29 6.61 8.45 8.85 -0.86 6.1 3.27 5.83 3.64 5.57 5.3 5.56 4.85 4.87 8.7 5.73 4.14 3.56 3.22 7.51 5.59 4.85 7.65 6.51 6.9 3.74 6.8 4.86 7.52 2.67 6.18 4.52 5.03 6.2 6.2 6.87 7.91 1.6 5.47 5.79 8.47 5.98 6.76 4.95 4.37 5.3 4.77 6 4.63 8.17 7.14 3.4 5.95 5.88 4.97 5.57 5.17 2.57 6.69 5.76 2.79 4.77 2.81 5.1 6.32 6.3 1.13 5.51 5.27 8.38 1.65 7.2 5.67 8.06 7.49 5.7 3.5 4.86 6.7
"43" 4.39 2.5 3.52 6.55 8.59 3.5 8.45 6.48 2.64 4.89 3.12 6.92 2.12 6.98 1.26 4.73 8.91 8.49 6.96 5.06 4.65 8.79 6.44 3.91 4.86 6.33 0.16 2.64 6.22 1.19 5.7 3.87 6.51 5.81 2.11 9.54 1.52 3.98 2.58 5.6 5.33 8.6 7.19 5.75 4.13 7.82 4.67 3.41 5.78 2.93 7.95 5.47 5.59 3.38 4.04 6.52 7.06 6.36 5.01 6.63 1 8.5 3.36 2.2 4.08 2.57 4.18 1.54 4.71 3.49 7.35 4.47 4.63 5.93 3.93 3.85 2.6 10.06 2.83 3.95 7.43
"44" 2.94 3.59 3.59 4.93 5.26 3.42 4.52 5.56 4.26 9.13 5.19 5.47 3.97 3.86 2.01 2.48 4.61 3.19 2.06 6.06 4.97 7.6 5.68 4.92 9.51 5.08 3.82 6.31 4.72 2.86 6.41 3.73 6.24 4.99 4.64 6.1 7.36 9.14 4.73 2.3 2.9 3.41 7.41 5.91 6.5 3.29 5.76 5.58 3.93 7 4.45 8.01 3.5 5.72 2.97 5.81 7.53 7.86 3.54 5.96 4.81 3.3 2.82 8.06 5.98 5.46 7.41 4.42 5.47 1.95 3.17 3.81 2.66 5.17 5.38 5.25 2.12 5.95 9.79 6.55 3.04
"45" 8.44 3.86 7.26 6.74 3.15 5.64 6.81 5.08 4.55 3.02 3.02 6.22 7.42 6.75 4.7 6.31 9.8 2.99 3.61 5.66 5.03 2.77 6.23 1.42 0.28 1.89 0.2 1.26 6.52 6.77 4.97 2.62 6.07 5.95 7.71 4.18 5.32 2.32 6.96 5.35 5 3.88 7.15 4.81 8.2 6.96 6.54 4.66 4.66 7.59 4.42 6.79 4.06 9.14 8.55 2.12 5.68 7.2 4.48 8.41 9.88 4.31 2.08 5.74 3.87 -0.86 2.11 1.36 8.34 11.57 6.38 2.3 5.97 6.26 7.13 5.19 2.77 4.74 -0.65 4.41 7.27
"46" 3.18 3.89 7.42 2.78 3.96 7.74 2.01 1.85 4.96 4.2 4.56 3.49 3.87 4.54 6.67 1.55 3.19 7.36 1.49 3.88 3.7 6.15 4.91 2.53 3.8 9.88 6.42 4.17 7.38 4.86 5.24 4.83 4.94 -0.1 6.77 5.42 5.52 6.44 5.33 6.24 3.24 3.79 4.22 7.32 0.78 5.47 6.12 4.15 3.56 5.37 7.11 6.07 6.88 5.78 6.04 2.8 -0.36 7.39 5.03 4.96 4.76 3.36 4.79 3.91 4.39 2.5 3.42 5.74 2.61 8.93 6.23 4.2 3.53 6.34 5.94 3.6 10.94 5.92 4.24 3.02 3.11
"47" 6.39 4.12 2.71 7.49 6.21 3.07 1.61 3.93 2.17 2.87 3.91 5.65 5.04 4.44 2.83 7.57 5.22 5.2 6.44 1.93 9.25 9.91 4.86 3.81 2.09 5.42 7.64 7.66 -0.28 6.28 6.43 2.67 6.72 5.32 7.57 6.88 6.77 2.43 6.11 3.69 5.97 5.63 3.22 7.46 2.73 5.02 6.02 5.8 3.88 1.42 8.01 7.87 3.99 2.89 6.97 1.58 1.78 5.04 7.86 5.14 6.72 6 4.66 8.65 5.72 4.43 3.4 4.94 3.95 8.74 5.31 4.81 4.87 4.75 3.15 2.45 6.67 8.05 6.04 6.7 1.63
"48" -0.03 1.03 3.4 6.76 7.44 5.41 2.42 7.5 4.3 5.31 6.44 9.05 7.34 7.41 3.43 5.3 1.86 4.83 3.77 3.4 3.86 4.55 4.25 5.38 3.31 3.6 4.23 4.28 2.15 2.51 11.63 8.18 6.42 4.26 5.11 5.65 5.56 3.89 3.17 1.24 6.35 2.55 9.29 2.9 5.16 9.25 4.9 6.49 6.79 4.93 4.58 8.31 2.99 4.86 6.51 3.52 5.58 2.78 5.57 3.72 7.54 3.95 4.72 2.77 6.06 7.88 5.94 2.86 6.86 5.95 4.11 5.83 5.12 3.99 4.49 5.02 2.03 7.23 5.91 3.67 4.98
"49" 1.51 6.21 6.81 5.82 4.14 3.42 8.61 9.58 3.98 4.76 2.38 5.25 5.97 6.59 2.4 5.99 5.46 1.26 6.74 2.99 4.08 6.94 3.58 6.92 7.3 9.66 7.72 4.41 6.83 4.27 6.66 5.4 5.62 0.85 5.32 8.15 4.26 1.05 7.56 6.88 7.37 1.48 3.73 1.16 3.78 3.17 6.05 5.52 1.84 4.82 5.52 8.84 4.41 4.46 3.9 8.58 4.18 1.04 3.87 7.47 7.43 4.8 4.71 4.43 4.32 6.34 3.18 5.1 6.91 7.31 4.45 7.72 4.2 4.4 2.68 3.5 2.38 6.88 5.14 3.14 6.6
"50" 6.49 4.67 6.69 3.9 5.71 6 6.11 3.99 6.04 4.2 1.33 6.18 6.33 5.28 3.89 4.13 4.88 4.36 6.15 5.68 4.15 4.91 6.47 2.51 3.06 8.5 6.02 2.32 6.27 6.4 2.37 8.81 6.1 2.65 4.38 6.63 3.81 2.08 3.3 5.64 4.29 3.38 7.01 9.07 3.37 9.57 6.74 0.06 6.59 6.85 5.52 8.26 5.42 3.77 6.75 3.7 8.39 2.1 6.44 2.6 3.36 7.25 5.84 5.62 3.52 2.21 3.14 4.7 3.8 3.36 2.05 5.02 3.43 3.86 5.8 4.85 6.31 4.31 7.4 1.05 4.21
"51" 6.12 4.51 5.09 6.51 8.43 5.66 3.28 8.24 2.45 2.29 4.16 6.19 6.17 6.16 4.76 6.08 6.57 3.87 4.68 6.53 2.32 5.42 4.53 4.46 8.53 4.18 8.46 3.99 5.32 6.11 7.46 6.43 6.33 5.52 3.24 5.58 3.21 5.23 3.8 7.53 6.97 6.19 8.12 6.19 3.19 3.8 6.76 5.04 2.9 2.03 6.44 3.5 6.22 7.94 3.05 3.31 4.3 9.01 5.03 6.1 2.57 0.37 1.53 6.14 2.96 3.07 5.34 7.18 4.69 3.9 6.29 6.57 4.64 4.32 2.8 6.59 7.55 6.08 6.91 4.53 2.07
"52" 3.09 4.63 5.45 5.81 0.47 8.88 3.15 0.81 1.22 5.53 6.28 6.91 5.84 2.54 4.46 4.5 4.75 4.65 4.39 1.6 5.84 8.88 8.19 5.83 7.91 2.46 6.52 4.04 2.71 1.63 5.53 7.07 5.47 3.99 9.71 4.89 4.43 7.99 6.51 5.69 5.05 6.49 2.59 3.36 0.55 6.86 4.88 2.81 8.77 7.17 3.29 7.53 6.1 5.5 6.45 7.64 3.29 7.68 4.87 4.87 5.75 6.06 7.38 5.14 7.2 3.85 2.73 5.62 6.83 8.48 2.93 7.43 7.16 4.79 4.22 6.33 2.28 6.14 3.09 4.83 5.11
"53" 2.87 3.25 5.43 4.96 4.13 4.83 3.59 3.76 3.19 3.78 1.79 6.6 3.74 4.46 6.38 1.96 4.45 7.66 6.75 6.13 5.71 2.6 6.81 5.91 7.06 4.53 7.41 7.06 6.62 7.56 7.53 7.11 6.79 5.23 5.47 6.35 4.55 3.96 2.1 5.15 5.21 4.05 5.9 6.45 3.59 8.28 0.66 3.67 4.97 4.54 0.48 9.55 2.19 2.19 7.97 4.16 7.1 2.35 4.63 1.29 6.74 5.61 3.36 5.22 7.48 5.14 5.96 8.12 6.14 5.92 6 5.6 3.35 6.45 2.75 3.4 1.95 3.83 6.48 2.28 6.36
"54" 3.61 5.07 5.21 8.26 3.99 7.17 3.67 2.46 0.97 9.71 3.29 5.55 2.45 3.51 3.16 7.89 8.55 6.44 5.05 5.64 5.34 4.84 4.33 4.16 3.89 6.28 6 4.14 6.49 1.86 3.11 5.87 5.92 6.11 4.16 6.61 5.77 0.58 2.84 2.11 2.89 5.98 5.34 7.11 3.34 3.18 5.17 5.73 4.62 5.79 6.28 8.36 7.31 6.46 4.09 4.71 7.04 7.23 5.28 4.35 3.81 8.38 3.7 3.42 7.03 3.84 5.1 2.64 6.22 6.59 5.8 5.15 3.12 6 4.7 4.95 7.17 2.36 7.3 5.23 8.25
"55" 7.67 7.78 6.02 6.99 3.66 3.45 7.37 1.33 4.86 7.46 7.89 6.51 0.79 5.58 7.62 7.57 6.11 3.69 1.05 6.31 4.73 7.98 6.09 6.96 5.17 8.29 4.98 3.38 3.08 3.45 4.77 5.34 7.16 2.98 4.06 0.99 5.68 -1.64 5.96 5.39 2 4.13 2.96 2.48 3.99 7.63 7.61 6.29 6.34 6.14 5.99 6.17 4.81 9.59 7.4 6.06 7.53 3.67 6.81 6.74 3.31 4.33 4.9 5.88 4.28 6.9 3.72 4.45 1.62 5.66 5.21 3.45 3.73 3.68 0.68 7.1 2.85 3.38 6.34 4.7 4.47
"56" 7.49 1.17 6.2 7.63 7.25 3.24 2.01 6.06 1.13 6.18 6.08 8.88 5.72 2.69 6.68 3.9 5.46 8.83 4.49 6.84 4.22 8.3 6.04 2.79 5.35 3.92 7.16 5.89 7.14 6.44 2.28 4.97 4.16 4.37 6.27 6.67 3.7 5.6 3.76 3.84 10.75 6.94 7.23 1.64 6.06 3.47 5.15 4.74 10.3 2.29 8.25 1.01 5.29 5.84 1.79 4.78 1.14 4.6 3.68 8.98 5.74 4.52 3.93 3.31 8 5.5 -1.89 5.78 4.71 4.64 4 6.15 7.95 7.01 2.25 3.97 5.82 2.29 4.92 6.56 7.06
"57" 4.19 6.9 7.87 8.21 7.14 6 7.58 3.97 0.34 4.85 6.08 4.93 3.74 5.87 6.33 5.5 2.11 5.16 6.33 9.78 5 5.01 2.4 8.25 9.16 5.97 6.8 3.95 7.08 5.48 6.91 3.16 4.6 4.27 7.45 8.64 3.97 3.85 4.8 8.88 7.21 5.53 5.11 6.73 4.34 6.16 2.13 3.97 1.92 3.77 1.35 8.51 7.3 2.67 10.39 4.62 5.02 6.42 4.58 4.17 2.41 3.85 2.91 4.53 5.06 6.02 3.92 5.16 3.25 5.32 6.82 3.97 7.19 4.36 5.52 3.29 6.58 2.25 8.55 5.51 1.99
"58" 4.98 8.04 3.92 4.77 3.29 5.09 7.97 7.22 4.51 5.82 2.93 4.68 3.88 4.83 7.56 2.39 5.16 5.27 11.43 6.77 2.86 3.99 5.76 1.83 4.07 2.94 4.63 4.52 5.75 -0.08 9.2 5.42 5.49 1.38 4.04 4.85 6.36 6.37 8.23 3.42 7.83 3.69 2.99 0.55 7.7 7.25 7.26 2.94 7.48 8.57 5.65 8.32 0.82 3.15 7.57 4.99 7.34 3.29 5.99 8.43 5.87 5.47 5.07 5.45 5.53 1.88 5.35 2.21 5.5 6.76 2.68 4.6 6.53 7.8 7.26 1.94 7.7 5.36 5.96 5.47 3.98
"59" 6.33 6.34 2.59 4.6 9.53 3.99 3.27 3.15 8.17 4.91 3.52 1.75 6.08 3.13 4.67 6.17 2.86 2.52 6.83 2.6 2.84 7.74 7.23 4.37 3.77 4.95 6.78 8.64 4.07 5.07 7.13 4.33 6.62 9.77 3.81 1.5 4.06 5.58 3.48 5.07 2.69 8.04 5.44 2.69 3.27 4.47 5.35 6.28 6.49 5.64 8.21 1.26 5.38 6.03 1.79 2.58 7.52 -0.33 5.77 6.07 3.71 4.49 3.89 6.28 2.94 5.15 8.35 6.17 1.4 3.48 2.32 4.46 6.45 7.45 3.49 6.14 7.17 4.15 6 5.07 5.02
"60" 2.09 6.56 0.49 5.38 3.16 3.98 7.68 3.45 7.56 2.37 3.76 3.2 3.38 5.18 5.02 2.56 8.82 5.81 7.67 5.8 7.44 6.02 1.56 5.07 5.23 1.68 3.62 5.58 2.44 6.31 6 6.92 4.49 3.67 3.79 3.42 2.88 5.37 5.92 7.74 5.31 9.26 2.66 5.84 5.33 5.36 5.18 4.24 7.16 4.31 5.19 6.41 4 6.54 4.44 5.38 8.83 5.52 2.01 4.79 5.42 3.61 7.29 2.54 7.15 5.69 7.18 6.26 5.44 0.07 6.08 7.36 4.78 7.45 6.9 8.96 7.13 4.47 2.75 6.14 4.63
"61" 7.19 4.23 6.56 3.73 6.32 0.61 6.84 5.67 4.27 1 5.02 5.36 8.57 6.4 5.09 5.55 3.83 6.44 5.6 3.87 4.42 2.16 4.55 1.62 6.53 6.37 9.74 3.75 3.18 4.06 4.83 4.81 8.68 7.63 3.81 9.84 4.01 6.28 2.32 6.15 5.79 3.92 9.29 4.55 4.79 7.11 0.32 4.7 6.07 5.57 6.31 6.57 6.75 2.13 8.41 3.48 1.01 6.28 5.51 5.52 6.59 5.04 7.69 5.06 7.37 8.57 5.43 7.84 7.61 4.74 2.41 2.34 5.88 7.66 5.21 6.81 3.95 4.89 7.3 3.98 3.8
"62" 3.76 4.35 8.03 6.27 5.91 4.17 7.58 4.48 5.21 2.1 7.24 3.89 4.12 3.93 4.19 8.17 4.79 6.51 2.57 5.84 2.83 1.73 6.6 3.44 6.12 3.74 5.52 5.19 5.13 4.37 5.06 6.77 5.18 6.09 4.59 5.75 5.27 3.04 5.12 5.43 0.9 7.86 5.78 4.92 6.58 4.4 1.67 9.21 7.02 4.26 8.29 -1.55 6.99 5.33 7.52 2.94 7.3 4.99 5.03 4.55 6.63 -0.33 6.42 3.15 5.09 4.9 6.48 1.47 1.67 6.47 6.65 8.27 3.05 4.66 3.74 4.9 2.31 7.18 5.61 0.15 4.28
"63" 1.58 9.11 4.13 8.2 7.56 4.54 3.67 2.77 7.13 6.28 8.59 6.79 2.66 2.67 6.54 4.84 4.78 4.57 4.56 5.91 7.14 6.06 4.87 2.4 9.01 5.66 6.86 6.84 5.43 6.32 4.78 4.1 2.3 1.76 6.74 6.41 5.11 4.84 6.63 4.64 6.3 4.03 5.41 5.94 9.17 7.04 0.12 5.15 3.44 7.32 5.53 4.93 4.18 5.91 3.69 3.85 4.04 4 3.75 6.58 4 3.46 4.22 1.23 2.45 1.22 4.52 3.62 0.87 2.73 8.1 4.33 4.01 4.68 5.38 10.09 5.9 5.92 6.93 6.4 7.92
"64" 0.78 4.87 3.97 5.06 2.04 3.42 5.32 6.21 3.51 4.74 4.33 5.06 4.73 5.97 5.52 6.22 2.02 4.6 2.77 1.55 4.46 3.82 7.59 6.11 4.66 6.83 8.05 6.16 2.98 6.56 6.38 4.87 3.82 5.23 1.73 3.36 2.03 5.28 8.1 2.78 3.32 5.16 4.4 5.49 4.07 3.68 1.48 8.03 5.86 4.6 8.33 2.75 3.75 4.64 3.97 5.14 6.21 4.38 7.19 7.08 5.62 4.22 7.71 1.98 6.38 2.01 3.96 6 5.67 5.28 6.27 4.89 1.54 5.27 3.6 0.64 3.55 7.53 4.22 5.74 4.83
"65" 7.79 4.3 5.44 5.22 5.24 5.35 4.92 7.93 4.05 3.17 8.65 5.32 1.97 6.53 6.2 9.13 2.02 3.18 1.19 6.44 1.4 7.41 5.82 5.49 4.07 6.71 2.92 7.83 2.01 4.15 8.76 7.64 4.53 2.37 4.32 4.52 6.91 3.75 6.74 5.84 2.6 2.09 3.4 6.32 4.18 5.05 5.9 5.11 2.58 6.34 8.02 6.27 4.89 6.83 5.19 5.49 7.45 4.36 3.96 3.1 6.14 4.22 2.54 3.5 7.25 8.02 1.89 6.96 4.93 3.18 4.09 3.88 5.57 6.16 1.51 3.93 7.27 5.23 2.61 1.44 2.83
"66" 5.06 6.16 5.85 3.27 6.74 5.76 5.87 7.08 6.11 4.11 1.76 4.97 5.83 4.38 6.6 6.12 3.06 5.66 11.28 7.11 2.64 5.71 8.25 6.57 3.75 2.41 7.25 5.79 7.32 1.86 2.6 3.65 5.59 3.87 3.12 3.99 5.59 2.94 6.02 6.46 2.73 3.42 6.09 4.52 4.38 -0.63 6.2 8.82 5.26 7.88 3.95 6.94 5.8 5.19 3.32 3.13 5.15 7.84 6.33 3.57 7.61 5.87 4.4 6.81 5.36 3.57 5.37 0.59 5.35 7.9 5.25 4.54 6.75 4.96 2.7 5.49 5.74 6.14 6.34 5.38 3.93
"67" 2.06 6.27 6.13 3.36 2.04 2.9 2 4.95 6.57 3.85 4.48 6.17 6.9 7.02 3.23 5.92 4.01 3.67 6.15 5.26 5.82 3.52 5.26 5.76 5.02 8.07 8.51 4.45 7.04 4.34 8.77 6.91 2 7.51 9.8 3.95 3.37 3.72 5.08 4.6 8.3 5.18 5.25 2.75 6.12 6.22 5.74 6.71 7.19 4.86 1.35 2.31 3.75 5.53 4.27 4.11 7.46 5.95 2.35 3.65 6.37 6.14 3.53 6.24 3.3 7.79 5.95 4.5 1.51 7.78 10.74 3.42 2.54 5.74 3.65 4.62 4.42 3.49 0.33 3.42 7.74
"68" 3.07 2.39 4.39 2.39 3.25 5.18 7.26 4.53 7.48 9.23 6.87 5.17 5.44 5.92 3.87 3.23 8.59 4.49 5.17 2.59 -0.11 8.44 8.31 7.45 8.53 2.27 3.4 5.19 8.2 0.16 6.17 3.83 7.58 5.16 3.03 3.73 4.6 4.01 5.94 3.39 6.01 1.21 8.09 3.01 6.55 5.88 5.54 5.75 4.39 4.06 7.14 5.61 4.81 7.7 2.21 5.07 6.55 5.08 8.6 4.12 8.01 3.05 4.34 3.3 6.01 5.64 5.73 5.02 5.04 3.84 5.18 3.02 5 4.27 8.53 5.66 5.33 7.72 3.14 4.37 4.43
"69" 6.8 4.58 4.04 4.33 0.95 1.56 3.62 3.67 5.48 5.7 2.78 3.97 6.01 4.16 2.43 1.98 5.3 5.93 0.97 4.05 3.44 7.33 8.27 0.96 2.09 5.11 3.82 3.9 6.25 4.86 2.17 1.96 4.33 4.05 2.4 6.96 4.14 4.35 6.47 4.2 5.21 7.04 9.26 4.83 4.68 4.21 5.29 4.52 5.95 1.94 1.09 3.95 5.78 6.75 2.68 6.98 3.5 9.64 5.27 7.63 9.07 6.94 2.49 2.7 6.88 4.45 6.25 4.72 4.28 4.37 4.46 4.48 6.05 4.49 0.43 5.04 3.42 5.67 3.24 3.16 6.43
"70" 4.76 6.87 5.5 3.82 2.88 4.69 2.52 10.32 2.91 5.97 3.73 8.61 4.64 4.3 5.54 6.64 5.31 5.53 5.67 1.05 3.83 7.96 2.4 5.5 7.94 8.87 0.81 6.94 7.97 1.22 6.04 5.43 6.97 2.88 1.04 1.81 3.03 5.87 1.23 5.98 6.37 5.95 2.17 5.16 7.65 5.19 6.57 3.89 3.72 4.43 2.06 7.71 4.7 3.48 5.07 3.72 7.45 3.72 2.15 5.67 6.17 4.13 7.54 5.58 5.85 7.82 5.36 6.13 3.07 5.7 7.54 4.96 4.62 1.66 4.9 5.09 4.84 8.41 5.14 7.79 5.43
"71" 5.43 4.12 3.73 6.31 -0.47 7.51 4.34 4.64 2.65 4.21 6.53 6.42 2.26 6.37 5.36 7.83 6.01 6.81 0.98 -3.73 8.75 2.47 6.87 6.01 4.86 3.73 1.49 7.34 5.74 3 8.14 3.69 3.3 3.4 2.98 6.24 3.5 5.74 6.69 5.01 8.18 7.78 8.46 6.52 6.22 6.02 6.2 -0.01 7.55 8.74 6.1 4.9 5.93 5.68 9.65 7.42 5.9 4.3 4.6 5.17 4.32 4.48 5.54 1.7 3.13 3.81 3.83 4.63 7.98 6.56 5.2 7.56 8.93 1 4.94 3.68 5.32 2.05 4.2 4.59 5.45
"72" 2.45 1.49 8.77 6.73 5.23 3.75 5.61 5.74 2.29 7.31 3.86 2.16 7.04 4.77 9.12 4.82 2.75 3.16 4.54 6.41 5.13 3.57 5.09 7.12 3.34 4.71 5.97 5.13 5.26 4.55 1.98 5.36 5.84 6.69 5.04 5.21 4.57 1.4 3.59 5.24 2.52 5.48 0.87 2.67 3.44 5.33 3.51 2.23 6.56 9.52 7.74 2.07 4.43 1.16 2.94 6.23 6.69 0.16 7.68 3.16 5.37 6 5.62 6.16 3.34 4.87 5.78 7.54 4.61 5.13 3.56 1.65 7.47 5.37 5.39 4.17 8.33 4.34 4.2 4.17 2.87
"73" 6 3.27 5.49 5.27 4.44 6.87 4.94 4.52 4.98 0.92 4.72 1.99 3.83 4.19 7.61 7.47 8.64 2.21 7.03 5.14 6.46 4.67 4.01 6.03 4.45 5.68 5.58 7.69 6.89 1.05 5.74 4.85 3.3 3.68 4.8 6.67 1.38 3.15 6.91 7 7.99 7.94 3.55 4.94 7.37 6.34 1.05 4.09 4.27 5.2 4.14 11.64 7.67 6.79 6.83 7.68 4.5 1.76 4.55 1.59 4 4.48 2.94 5.06 6.45 9.08 3.57 5.69 8.04 5.72 4.96 5.54 4.9 3.87 7.4 6.6 0.37 6.39 3.44 1.95 3.73
"74" 3.36 7.04 7.34 4.62 3.9 5.23 1.31 7.91 4.24 6.18 7.11 10.29 5.23 7.47 5.21 3.32 4.21 2.09 3.55 3.3 4.12 3.2 2.29 6.6 9.53 5.77 4.38 7.23 10.83 7.63 5.82 3.74 3.57 4 2.62 3.02 3.63 7.39 10.03 2.92 6.26 5.65 4.65 6.37 5.06 3.78 6.58 4.89 6.9 5.21 7.07 5.88 5.35 -2.1 3.37 7.71 7.18 5.45 4.25 6.39 5.73 2.9 5.68 4.27 7.37 8.4 1.84 5.08 3.17 7.38 6.26 3.83 5.48 7.18 3.53 2.17 5.27 6.13 4.02 5.47 6.32
"75" 7.48 2.01 6.71 3.34 7.65 5.22 2.53 6.05 10.38 1.35 4.37 5.59 3.1 8.94 4.05 6.07 1.67 4.56 6.99 7.29 5.48 4.68 2.8 3.94 3.52 8.03 4.3 6.44 5.83 0.25 6.58 3.91 6.56 7.02 4.72 7.93 6.06 6.81 7.21 7.21 4.8 3.94 4.07 4.09 5.32 5.34 6.37 5.23 6.37 4.01 8.02 5.83 2.48 8.62 8.53 4.43 5.68 3.82 2.07 3.75 8.65 5.43 3.85 8.99 3.71 7.03 4.65 5.24 7.78 3.45 2.4 4.69 8.81 6.28 8.06 -0.67 5.6 4.41 4.9 5.18 6.52
"76" 6.69 6.05 6.27 -2.04 3.31 -1.51 8.05 1.74 2.51 4.57 6.54 5.03 8.17 7.03 6.9 6.32 1.57 3.9 6.7 6.27 4.35 6.12 4.21 4.19 5.16 3.63 9.2 6.97 5.78 5.83 8.12 6.41 5.29 7.01 4.33 5.86 5.56 6.02 8.63 7.54 5.32 7.75 3.05 2.96 1.98 7.34 3.56 3.08 2.59 3.89 6.38 8.77 5.22 6.37 1.43 3.95 9.86 5.98 3.67 5.07 2.74 3.28 5.95 6.97 1.6 5.29 6.83 6 6.07 5.17 1.93 5.74 3.09 2.5 3.89 6.75 3.33 4.97 4.24 6.31 3.14
"77" 3.86 4.2 3.85 2.02 6.72 4.48 5.65 6.16 5.38 5.6 2.49 5.19 4.73 7.04 4.13 4.95 3.36 5.73 6.75 4.83 3.01 7.48 5.89 4.5 6.04 4.02 5.81 5.56 6.48 1.73 5.38 7.11 4.83 7.96 6.27 8.11 5.17 4.49 4.17 2.55 8.91 8.98 5.04 6.26 7.29 6.02 4.76 3.73 7.08 5.84 3.53 6.27 3.93 6.92 2.39 6.15 7.53 4.26 3.53 6.33 7.1 3.15 3.63 1.75 4.66 7.72 3.66 4.25 8.1 5.52 10.79 7.11 5.59 5.32 4.21 4.32 6.74 5 5.36 4.39 0.93
"78" 6.97 8.97 0.57 7.58 9.25 3.68 4.03 5.55 6.74 4.08 3.45 9.04 2.44 6.48 3.29 4.6 6.06 3.73 4.49 3.5 5.5 4.67 4.96 6.76 4.18 5.62 4.93 7.37 3.1 4.26 3.11 0.95 3.49 4.17 5 6.48 7.74 1.8 1.32 6.05 6.82 3.4 6.15 4.21 7.4 5.06 3.06 4.79 4.31 2.03 4.81 7.94 4.63 4.97 6.27 2.75 6.93 9.81 3.23 5.02 4.39 4.15 5.89 4.16 8.98 5.59 4.58 7.01 2.18 7.95 1.06 4.4 4.27 4.99 3.23 1.57 5.98 6.24 3.06 5.08 2.34
"79" 2.57 5.52 2.19 4.23 7.69 4.91 7.78 4.33 6.94 2.27 3.51 6.2 4.28 5.29 8.67 6.39 4.12 4.75 5.81 3.38 0.63 5.93 4.21 8.15 4.81 1.59 6.95 7.08 4.34 5.8 4.57 6.97 8.83 6.28 2.86 6.56 7.18 6.64 8.7 3.83 4.4 4.38 3.41 4.92 7.78 6.48 3.58 3.63 4.17 6.05 4.67 1.64 6.52 4.31 8.41 6.71 4.15 6.67 6.1 4.77 5.86 7.9 4.74 6.53 0.9 6.11 4.84 5.32 4.29 5.61 5.66 6.66 3.17 0.73 2.82 3.28 5.02 5.43 4.91 4.68 8.11
"80" 3.72 6.4 4.02 6.13 7.44 6.23 6.33 6.6 3.01 3.87 5.34 5.23 3 5.12 3.84 5.02 7.76 3.02 4.03 5.86 3.46 9.93 2.35 5.51 5.89 6.3 6.67 7.25 3.36 6.78 4.91 1.67 2.2 9.18 6.6 4 4.22 3.56 7.46 3.84 3.77 8.37 7.84 4.93 4 4.13 6.77 7.66 1.62 3.96 4.92 7 6.87 2.09 4 4.67 3.67 3.48 8.38 6.48 4.99 7.8 5.95 5.61 3.82 8.48 9.11 7.06 5.8 8.02 2.95 5.86 7.18 4.73 7 3.79 4.64 6.28 4.58 7.66 4.23
"81" 6.72 5.6 7 2.58 2.71 3.84 9.41 8.24 9.7 9.71 3.5 4.96 3.36 4.64 5.48 5.16 7.35 0.32 7.79 13.51 1.82 4.94 5.47 5.73 3.25 2.87 6.33 6.02 0.98 4 3.67 5.05 3.31 4.98 4.81 5.34 7.19 5.1 2.67 5.19 5.33 4.39 5.57 4.61 6.22 2.64 3.95 2.07 4.37 4.98 6.97 3.95 8.25 12.21 5.9 3.57 5.16 3.27 6.46 7.28 3.48 6.68 7.18 6.45 2.2 0.04 4.87 7.52 3.17 5.7 6.07 7.82 4.62 4.47 8.81 6.91 3.37 2.8 6.33 2.76 -0.21
"82" 1.35 4.58 6.65 7.18 8.79 5.06 9.09 6.57 5.14 3.65 4.36 5.54 5.6 4.36 3.89 7.34 8.63 5.54 -0.66 3.49 3.33 5.13 3.77 5.42 -2.12 6.5 6.87 9.65 2.64 2.37 6.24 5.41 8.7 7.01 3.35 3.4 4.75 3.68 5.11 5.27 1.5 -0.51 3.85 6.5 4.47 8.71 6.52 3.04 8.51 1.58 7.12 8.23 4.76 6.58 2.41 5.32 2.84 7.51 6.32 5.85 6.62 5.7 2.91 6.12 9.42 5.34 3.74 4.17 7.38 3.65 6.83 3.57 0.65 5.86 1.82 4.07 4.3 7.13 4.11 5.85 7.74
"83" 2.83 4.85 3.02 8.63 3.77 4.89 6.93 7.95 6.75 2.41 5.92 6.7 5.88 4.24 6.38 4.94 3.35 4.16 6.26 6.58 4.9 3.12 6.87 5.93 8.65 1.79 9.61 2.47 5.78 5.09 5.34 9.15 5.37 6.05 6.04 3.2 1.09 0.72 6.01 4.77 5.3 4.68 5.35 7.09 6.02 4.47 4.77 7.32 4.15 5.1 7.51 3.06 5.94 5.88 2.52 6.38 3.29 2.26 7.24 2.18 2.31 6.85 5.86 3.61 6.55 7.5 6.31 5.89 6.57 3.16 4.34 1.67 6.85 10.75 1.8 2.59 4.95 5.97 5.75 4.73 3.16
"84" 5.56 5.94 1.34 4.05 4.17 4.06 5.52 5.09 5.58 6.51 2.92 3.85 7.13 4.39 8.16 2.95 7.05 5.52 6.89 4.75 10.6 7.51 3.86 2.17 7.03 3.63 7.93 5.48 8.33 4.01 3.7 2.18 5.12 7.2 4.17 3.8 4.78 2.85 2.24 6.34 0.93 5 3.18 1.41 5.35 2.76 6.65 6.33 6.08 7.3 2.36 -0.45 3.25 -0.16 2.77 5.61 4.27 4.87 8.17 3.84 3.06 5.02 4.36 7.8 4.34 6.87 8.01 2.46 8.53 5.39 6.28 5.85 2.65 5.19 6.06 4.92 3.86 4.77 4.85 3.17 5.21
"85" 6.32 8.11 4.33 6.65 1.44 2.37 5.56 4.58 9.3 1.62 4.91 6.73 7.49 7.23 4.8 6.59 4.75 4.1 5.25 3.26 4.28 4.18 6.33 5.81 8.86 3.21 4.44 4.2 3.25 6.09 3.57 7.06 5.75 6.62 7.72 6.47 3.84 5.96 6.02 5.43 5.11 3.97 6.78 5.73 10.45 5.09 4.55 6.21 8.03 3.99 2.62 5.92 6.85 5.66 3.08 5.42 4.76 7.72 4.49 7.25 4.28 2.04 6.22 6.04 1.38 2.39 6.53 5.62 4.3 6.37 6.56 4.53 4.04 8.6 5.33 6.43 5.08 2.89 5.55 3.06 7.27
"86" 7.15 4.77 4.88 7.6 6.96 4.2 9.75 5.11 2.08 5.8 5.68 4.72 4.49 6.96 3.22 5.13 5.82 4.69 2.73 6.39 1.65 3.88 5.37 6.4 2.52 4.51 6.76 0.52 7.7 -0.55 4.83 5.5 7.49 1.72 5.37 8.19 5.23 2.41 5.2 6.26 6.22 5.39 5.4 6.25 5.25 5.63 7.74 3.44 4.01 8.13 3.25 1.86 3.16 3.85 -0.41 6.13 6.51 9.83 7.03 5 5.6 3.12 4.8 5.44 0.19 5.07 4.68 6.09 3.62 5.2 6.32 5.01 4.77 1.99 4.1 4.27 2.05 4.72 8.93 4.47 5.82
"87" 4.19 3.49 6.7 0.77 3.14 9.41 4.06 3.93 8.35 4.8 7.59 5.2 9.49 4.18 6.76 5.07 8.12 2.2 3.66 7.58 6.27 3.24 7.84 3.36 8.5 6.41 1.79 0.38 4.11 4.96 5.6 2.26 8.74 5.08 6.06 1.76 5.68 6.78 6.41 3.08 1.14 6.9 3.75 3.49 5.09 5.64 3.92 7.73 3.58 7.14 6.11 6.96 8.18 4.04 3.05 4.47 8.93 4.23 3.66 2.57 6.5 4.32 6.83 2.33 4.34 5.3 4.86 3.59 3.73 4.3 5.89 3.21 5.24 5.83 4.39 4.83 8.14 4.18 4.55 8.45 2.36
"88" 5.98 6.95 0.64 5.97 5.84 6.37 3.17 4.82 7.83 6.7 2.05 4.17 6.64 6.83 3.97 6.23 4.71 4.13 4.91 4.33 1.39 6.65 3.48 4.59 2.14 7.58 4.31 6.4 -0.11 4.41 4.1 7.88 3.36 3.17 8.28 4.46 4.28 1.27 7.69 2.63 5.48 3.05 6.17 6.43 5.43 3.63 3.12 6.1 7.26 4.36 7.37 6.44 6.11 5.9 4.12 2.92 5.07 4.22 6.59 4.8 9.19 5.81 6.26 8.01 2.98 5.12 6.87 4.49 3.43 4.9 4.43 6.85 5.85 4.5 3.95 6.92 5.55 4.92 2.2 3.47 7.32
"89" 6.79 7.64 8.11 5.24 2.54 5.33 5.8 4.73 2.81 5.65 4.51 9.59 7.88 7.27 1.26 2.48 3.39 3.08 6.25 4.69 4.78 6.85 5.47 6.46 4.34 6.28 3.68 7.12 6.51 3.62 4.48 4.49 5.81 6.15 5.28 5.92 4.23 4.3 6.77 2.7 2.87 2.95 6.27 0.38 6.24 4.87 7 3.45 6.11 3.74 4.55 5.47 4.86 6.08 1.8 4.14 0.76 7.14 5.11 3.49 3.49 5.15 3.76 3.65 6.08 4.28 6.89 7.29 4.22 2.27 5.9 5.32 4.66 5.56 4.8 6.08 7.06 6.51 2.38 6.01 7.09
"90" 5.81 8.77 4.37 4.99 3.71 5.42 3.67 5.87 4.29 4.91 4.05 3.6 4.12 4.91 4.9 0.69 2.51 3.71 4.75 5.62 7.01 3.42 3.45 4.47 2.96 1.73 3.31 6.18 9.73 4.31 3.38 5.41 4.65 4.8 2.23 6.46 6 8.96 3.2 5.27 3.81 7.18 8.31 5.05 5.28 2.66 4.16 5.48 5.71 3.24 4.9 5.39 7.04 2.98 6.86 6.95 3 1.83 5.93 2.7 4.4 0.37 8.32 5.49 2.06 7.93 6.84 4.36 3.92 3.65 5.24 5.29 6.43 5.19 6.2 6.5 4.8 4.66 4.22 7.11 9.72
"91" 3.32 7.27 6.27 5.79 2.53 1.18 2.73 4.91 7.87 3.9 1.99 6.29 3.9 3.08 4.92 3.92 2.64 3.07 4.69 7.46 1.52 3.76 5.41 7.08 5.94 3.59 4.63 4.46 4.05 3.71 7.38 2.32 7.63 7.13 1.18 3.26 5.25 5.01 7.26 6.88 3.8 3.36 4.35 -0.5 4.12 5.54 4.07 2.62 6.48 6.2 0.74 5.33 4.03 4.2 7.19 5.58 5.53 5.26 5.23 9.33 3.99 2.12 5.07 5.44 7.02 5.61 4.24 2.47 4.62 4.38 6.3 5.76 3.12 5.03 2.31 3.89 3.44 5.47 6.29 -0.21 2.32
"92" 5.56 5.71 2.93 4.31 6.19 5.85 4.14 2.5 4.99 4.63 0.44 3.51 5.62 5.16 5.54 5.31 5.2 8.39 6.6 3.24 5.99 3.69 4.98 2.13 5.88 3.58 7.64 6.83 5.34 4.5 4.32 3.32 4.58 1.55 7.19 5.39 5.54 3.37 7.7 6.17 6.33 4.75 2.21 7.08 4.95 6.8 1.23 5.46 5.66 2.49 6.45 5.55 7.01 2.14 3.73 6.47 5.49 2.04 3.07 7.62 5.87 3.27 5.17 6.95 3.88 6.34 4.3 4.19 6.13 5.8 3.85 5.11 7.07 5.49 5.94 3.81 5.52 1.33 2.87 3.37 5.22
"93" 5.19 2.85 7.91 4.85 -0.92 2.52 5.37 5.5 3.73 2.17 2.8 2.79 6.62 8.68 5.98 6.03 9.91 4.3 3.22 5.63 5.21 3.84 0.83 5.13 6.88 4 6.27 7.59 3.45 7.13 8.76 9.16 -0.57 3.29 5.22 8.48 1.53 4.85 4.98 6.5 7.44 4.11 4.29 5.71 4.8 3.94 7.73 5.75 7.09 5.88 8.01 4.93 3.45 3.52 6.34 3.29 3.42 4.38 3.54 6.32 4.51 4.27 9.07 5.33 4.12 5.79 4.03 3.57 4.05 7.22 5.38 6.45 6.19 2.13 7.8 6.79 6.64 3.87 2.16 3.66 2.77
"94" 2.48 2.32 4.63 3.7 7.63 5.5 2.52 6.55 6.08 3.06 6.64 5.87 6.44 2.54 2.13 5.05 5.66 4.89 9.27 6.43 3.63 8 2.97 6.85 6.69 3.29 4.9 4.04 2.05 5.29 4.79 4.64 4.74 5.63 7.04 4.73 -0.06 5.54 6 7.3 5.98 4.62 6.27 5.96 6.88 4.44 1.95 2.9 5.08 8.63 4.86 6.8 6.05 5.05 3.7 6.39 8 6.09 7.31 3.45 6 2.14 2.92 5.29 3.76 9.78 0.92 7.54 6.88 4.67 6.92 5.97 9.22 6.58 3.19 10.9 5.64 4.09 7.31 4.26 4.93
"95" 7.51 2.65 5.53 6.93 2.51 2.55 6.73 3.32 3.18 5.53 3.49 5.44 4.5 5.8 6.61 4.01 6.78 5.56 6.72 5.12 4.2 2.91 2.52 6.68 6.67 4.41 6.78 5.94 1.74 1.06 6.39 5.55 1.52 3.62 6.44 6.6 2.87 9.38 4.61 6.49 3.3 4.63 4.61 5.81 4.24 4.86 7.31 7.44 5.84 4.74 5.56 3.98 2.99 2.38 6.52 6.09 8.45 3.76 4.52 4.8 7.74 7.27 6.97 6.12 4.15 5.31 3.13 3.19 4.98 4.77 8.35 7.09 3.06 8.54 4.29 4.14 5.34 2.1 6.66 4.61 5.81
